125 158
144 119 763 882 168 500 601 332 929 996 408 529 567 303 623 831 42 897 87 704 308 486 978 471 607 536 96 460 632 842 826 42 563 225 669 936 120 667 453 398 789 765 387 724 724 64 308 18 760 177 800 877 145 489 735 961 58 333 2 521 94 967 39 696 638 101 564 681 141 185 550 990 606 77 581 753 979 967 171 375 446 324 201 374 107 595 339 90 616 298 24 996 819 675 825 572 865 463 850 183 224 47 43 85 223 970 611 808 187 96 453 251 202 294 173 298 767 307 347 663 854 602 672 498 551 330 731 700 997 672 403 317 790 828 247 102 680 477 169 812 727 834 12 995 269 767 137 362 260 235 821 925 378 492 599 501 942 781
454 982 896 138 504 238 931 534 248 739 351 584 840 675 936 506 323 420 76 727 106 77 285 297 829 468 184 513 416 414 276 61 319 662 4 174 437 500 782 942 719 431 810 606 71 192 477 597 858 904 966 537 976 17 377 862 105 758 164 558 357 160 417 823 931 770 125 285 812 95 128 19 737 306 418 415 197 360 913 652 645 404 438 415 681 503 434 416 341 235 5 733 397 49 375 265 656 693 7 78 79 286 70 851 321 908 890 497 548 643 999 831 909 720 501 931 20 315 523 479 960 422 391 496 511 885 634 147 18 731 845 178 810 627 992 267 996 962 855 688 299 424 46 623 355 402 799 607 147 333 496 200 650 125 330 998 921 164
662 33 908 490 995 584 78 64 289 288 143 931 728 528 898 556 681 169 915 752 308 448 506 66 63 114 719 288 354 457 727 379 576 465 696 870 651 190 954 711 775 614 956 181 47 352 700 831 583 337 891 600 815 850 114 880 513 207 680 290 328 103 529 330 660 578 991 557 90 495 459 827 822 219 881 888 109 278 886 341 405 182 144 549 388 609 64 714 275 759 590 110 212 358 568 346 460 996 607 642 424 1 976 414 503 480 624 985 526 863 430 793 378 33 648 768 884 588 587 966 834 384 841 579 69 530 253 322 856 551 953 247 169 525 284 708 931 868 323 608 425 594 93 278 856 917 446 529 485 330 826 816 204 135 620 722 914 717
805 913 868 869 201 451 200 43 407 819 137 297 843 237 726 289 862 74 283 756 631 989 988 760 138 368 727 59 853 84 50 683 37 30 958 800 556 706 226 138 91 801 723 899 350 527 372 501 101 47 822 730 348 882 785 442 894 136 914 167 739 126 813 577 440 403 564 445 64 310 215 946 187 110 87 32 581 363 863 947 395 869 230 864 610 4 649 488 890 243 562 602 496 23 105 13 471 718 61 577 880 998 481 369 305 521 865 731 253 756 151 467 243 987 402 739 159 217 815 992 717 406 464 53 132 87 546 727 420 61 391 903 603 103 91 537 41 916 297 575 364 402 534 496 73 437 567 855 206 250 919 922 858 826 200 480 883 844
964 825 289 567 91 840 476 554 292 108 787 323 577 656 250 561 817 783 119 853 688 530 647 831 50 235 818 361 56 915 482 770 115 163 631 606 509 119 220 286 656 472 174 501 491 101 84 367 631 346 21 759 9 939 881 360 631 871 396 487 293 662 59 407 2 139 104 463 240 982 667 227 38 293 390 902 680 680 581 303 716 895 614 101 132 721 961 961 329 286 520 788 470 457 879 27 422 987 912 850 895 916 919 895 172 369 696 58 305 934 720 558 729 368 579 104 345 2 925 291 187 305 875 628 32 33 861 458 5 116 406 718 550 253 169 29 403 907 687 858 628 219 600 706 868 871 743 542 298 744 290 733 336 644 728 54 926 963
9 131 870 103 347 25 51 590 864 986 953 994 582 757 784 677 490 3 430 48 424 211 658 717 843 22 69 590 679 78 915 497 75 171 396 695 376 172 847 880 456 558 489 259 679 298 443 884 327 309 983 298 641 974 356 908 777 413 46 859 420 363 989 214 941 355 974 933 582 277 71 914 24 646 874 913 368 718 315 925 96 133 162 298 758 151 53 915 548 759 671 812 967 562 548 187 341 405 161 564 174 786 69 874 155 529 855 664 653 374 104 883 90 125 281 658 214 782 42 26 530 191 420 443 331 823 559 144 42 998 184 830 728 399 490 949 174 186 900 75 280 560 971 132 479 621 202 990 215 366 855 933 314 815 528 902 593 284
966 887 28 787 289 363 293 946 159 947 319 249 231 81 702 247 646 238 844 431 787 647 209 769 947 161 559 637 791 591 478 635 825 929 167 37 538 69 696 570 403 534 284 497 203 142 349 411 605 389 327 21 227 856 857 991 987 381 373 788 606 480 889 573 968 357 649 154 761 643 176 264 528 438 759 19 97 822 782 882 230 146 921 74 877 419 165 81 790 803 186 802 358 605 445 364 15 976 742 395 62 183 923 277 981 282 840 870 824 612 816 872 714 774 919 792 337 239 430 494 48 965 624 675 98 94 675 493 317 520 820 922 32 510 15 695 497 244 782 687 425 641 532 642 593 911 38 84 316 246 229 122 179 820 359 834 857 557
788 847 401 56 951 318 711 426 497 962 386 465 712 515 655 833 850 867 802 438 189 318 250 569 183 656 341 543 540 896 484 947 178 863 840 794 720 830 817 333 927 137 573 688 224 853 692 422 570 688 94 479 170 874 82 379 695 266 94 50 132 983 467 841 533 542 655 537 973 293 773 85 497 590 853 12 878 674 666 150 613 317 854 985 717 228 622 675 633 821 67 965 39 676 161 525 758 942 18 707 526 196 153 311 181 290 164 721 387 451 829 87 516 949 387 87 932 402 120 774 593 711 855 844 412 327 650 575 160 28 395 538 289 479 785 945 304 742 539 426 182 576 392 907 777 348 155 344 879 515 876 165 394 456 636 596 129 211
977 871 907 60 830 595 276 838 585 197 18 296 854 988 446 390 828 320 180 963 576 254 334 130 646 527 984 682 230 62 90 878 916 762 832 209 56 967 292 821 618 908 119 165 646 474 230 201 742 809 477 739 125 403 222 283 882 361 385 8 889 791 385 749 831 749 896 707 386 665 914 30 645 792 272 994 563 214 806 768 899 232 490 531 605 419 53 472 598 976 708 235 1 475 368 14 603 394 740 968 418 93 608 364 38 558 478 738 303 308 497 595 589 274 306 448 652 714 449 148 58 405 990 766 814 173 576 465 160 815 162 363 316 418 621 365 226 51 794 381 990 511 232 747 668 505 856 138 664 874 877 643 192 357 335 885 193 655
753 934 338 599 867 796 718 732 277 729 524 85 161 110 688 281 669 993 735 78 603 336 507 536 261 28 83 734 275 226 228 320 591 538 935 16 846 256 324 427 336 833 140 666 525 104 578 415 597 647 198 669 53 996 988 696 819 816 410 395 87 129 132 766 662 576 735 506 845 239 229 367 261 427 473 646 742 201 460 837 388 248 35 558 252 19 969 619 846 687 855 239 827 975 350 283 146 943 191 108 615 425 293 449 13 95 204 192 502 906 331 741 604 494 876 721 856 182 440 17 416 271 363 686 692 569 482 687 883 946 460 944 466 364 970 64 918 32 713 208 651 328 737 255 367 706 692 841 161 45 480 637 227 141 951 975 627 825
803 494 126 959 503 906 586 725 22 759 504 295 596 857 731 959 370 52 665 333 448 298 441 627 946 600 173 37 924 29 186 972 693 733 416 658 46 411 417 145 765 312 461 212 451 303 188 369 386 94 127 527 491 208 496 257 262 994 514 687 723 18 503 740 650 190 28 249 51 289 708 860 143 463 444 12 659 888 52 76 337 947 955 448 225 475 101 806 804 588 571 241 790 531 406 619 709 427 364 281 72 486 57 606 277 314 437 236 748 954 797 761 567 90 233 641 338 856 958 398 843 212 603 735 494 155 170 283 124 125 743 508 386 874 367 634 688 41 623 279 704 367 298 546 519 692 327 406 711 897 88 215 670 711 134 309 820 729
71 99 816 540 756 653 728 231 682 452 115 462 969 108 515 732 425 890 87 144 677 548 83 73 210 577 334 970 192 230 68 885 176 966 576 641 949 26 606 850 165 205 613 185 361 324 169 433 270 616 612 530 979 357 866 796 861 916 56 955 96 619 250 649 871 407 151 391 272 344 910 439 783 51 604 764 557 200 69 376 45 495 297 680 463 696 954 611 489 913 870 141 594 803 313 309 653 165 23 300 894 773 897 792 929 242 423 421 340 332 618 838 59 665 71 731 526 436 702 610 809 662 202 424 680 611 581 611 500 896 899 496 763 401 723 687 830 49 510 956 410 603 190 381 682 170 487 814 170 517 368 705 641 222 453 313 846 261
809 64 823 555 755 256 739 904 190 17 124 770 145 282 692 137 150 728 837 444 790 977 257 416 231 242 825 661 64 224 296 998 944 854 634 593 556 113 263 162 376 54 695 879 913 499 73 464 218 225 755 963 312 81 33 696 500 850 301 680 628 112 120 492 421 558 520 921 421 731 897 638 683 958 450 110 899 407 483 243 651 362 796 953 155 856 816 2 852 865 147 415 229 427 736 156 352 104 554 920 696 902 32 957 46 850 933 724 113 79 596 368 958 493 163 749 852 146 683 740 988 922 69 102 844 567 311 285 10 815 511 250 865 567 736 973 625 653 702 27 744 29 519 828 284 975 48 45 762 504 295 106 118 427 620 87 314 671
714 574 572 373 651 951 740 695 432 288 626 176 921 286 872 113 366 495 379 989 69 437 324 414 906 911 204 870 95 541 886 520 261 99 77 490 497 890 553 574 288 622 412 82 74 435 140 533 992 355 482 226 726 668 910 674 938 490 873 968 139 586 33 606 776 580 655 876 446 334 452 605 71 797 349 201 409 786 690 379 797 30 930 512 727 298 238 363 205 626 612 614 157 65 887 780 677 874 996 625 824 802 215 947 494 303 261 167 700 125 90 31 153 762 509 780 541 279 681 543 373 717 784 361 407 129 94 771 544 799 149 671 1000 428 551 750 736 343 985 265 854 934 332 61 918 924 592 712 425 543 542 668 497 28 412 338 837 989
526 868 321 875 795 861 395 685 827 138 612 662 102 308 498 993 15 418 888 886 595 774 490 161 298 580 363 468 734 942 945 76 657 825 417 639 756 757 560 763 682 743 418 103 872 662 540 286 483 127 458 303 773 278 771 525 932 744 503 55 654 876 465 727 428 973 79 80 810 947 14 999 443 831 941 109 216 826 848 964 226 516 58 20 100 251 460 727 932 954 275 800 721 395 759 979 661 901 168 235 606 602 700 816 402 627 358 513 626 910 500 336 93 927 179 689 948 316 798 321 798 460 570 161 5 52 772 253 730 247 874 888 953 882 21 367 311 968 587 189 339 334 997 472 996 913 841 240 232 727 873 559 765 367 712 957 643 925
326 396 607 740 330 429 437 824 522 758 512 780 584 606 202 313 114 268 676 743 764 507 898 925 484 207 844 683 689 190 57 841 715 798 370 682 685 570 330 938 68 187 720 859 462 280 505 85 875 746 371 804 355 557 152 91 410 692 672 749 547 405 919 625 823 783 533 796 432 141 687 209 547 716 699 614 48 867 859 275 673 335 472 392 253 506 23 484 625 591 214 45 526 948 60 562 276 374 579 333 657 160 304 772 705 798 531 60 700 121 655 914 687 281 38 331 259 839 825 379 199 112 197 974 843 857 830 124 630 853 581 869 872 687 896 842 738 827 370 456 703 986 790 680 622 810 466 879 588 688 634 262 656 204 43 939 240 327
673 760 788 850 132 923 802 479 510 636 337 435 347 564 811 540 492 3 379 342 184 859 606 813 681 907 288 127 269 745 63 694 66 278 62 615 890 503 482 272 299 430 586 219 999 768 868 497 653 491 658 665 892 633 25 417 854 376 681 396 874 357 943 886 374 133 335 19 648 185 327 694 901 858 59 215 322 58 472 858 884 155 843 147 407 334 729 1000 176 740 277 407 146 135 481 512 140 215 755 236 501 919 427 987 387 348 926 604 11 335 157 421 561 159 322 292 251 211 545 6 257 327 386 208 350 934 300 11 288 296 831 673 284 872 543 923 167 844 82 387 527 536 909 585 226 398 922 386 814 931 285 33 49 941 477 235 142 370
113 357 557 679 607 701 121 968 383 549 585 719 608 684 684 474 703 805 895 84 229 504 337 978 704 162 712 942 337 936 796 333 376 264 746 695 306 441 355 230 422 845 37 451 885 255 900 389 581 831 112 501 830 242 530 598 333 284 386 39 826 509 980 665 554 379 802 45 965 668 383 906 400 625 810 965 34 630 480 234 272 783 213 132 134 98 738 646 199 21 167 363 349 284 264 76 631 326 91 652 685 335 275 249 847 453 325 410 770 711 490 938 282 875 879 355 476 114 59 466 954 341 597 769 150 977 47 271 320 363 552 502 752 455 715 470 640 104 645 176 33 127 415 449 896 796 466 520 144 19 580 790 542 274 934 100 433 566
110 3 693 867 236 741 101 92 365 788 339 22 313 82 617 671 123 130 870 584 198 931 278 35 350 299 907 899 541 629 310 466 293 70 1000 444 915 407 744 784 103 752 929 128 253 402 319 468 768 824 233 975 652 329 416 477 290 235 971 139 241 354 305 130 524 834 222 400 400 220 729 446 961 969 856 129 575 408 33 575 852 154 914 570 836 38 771 951 149 718 958 54 385 576 398 678 767 665 96 307 661 671 473 447 272 363 770 602 217 684 371 424 308 224 766 682 705 311 235 814 404 436 794 504 626 799 790 504 744 906 993 390 309 882 888 962 798 924 761 465 436 351 860 201 748 564 964 336 201 920 36 547 939 149 973 976 921 247
662 841 273 239 388 100 374 779 645 381 357 298 214 700 460 877 33 150 195 978 303 759 361 809 67 986 896 144 695 366 494 474 27 712 346 199 805 564 238 833 91 385 326 994 984 240 644 999 946 477 97 602 131 883 883 206 779 207 362 246 484 738 97 658 161 470 384 554 179 535 232 738 663 825 293 363 578 25 740 172 692 950 866 879 676 670 817 97 362 671 66 596 339 360 654 214 44 172 680 551 370 370 226 14 370 319 610 424 146 16 910 999 409 826 9 872 652 246 168 369 979 926 669 671 675 208 932 755 741 556 215 293 734 672 119 683 749 757 544 725 464 74 53 341 101 821 15 60 747 848 361 328 973 298 901 600 419 53
454 369 948 216 904 208 592 431 4 568 373 240 385 456 587 382 71 968 181 84 315 293 129 112 95 842 941 600 724 466 710 717 18 559 400 727 258 371 308 641 21 840 861 441 521 685 747 675 807 668 1 394 233 282 395 81 384 501 723 565 879 610 963 307 896 246 604 277 732 817 488 380 403 916 179 769 182 491 193 203 51 426 705 590 87 889 872 529 278 334 499 703 508 778 700 125 386 180 861 860 791 253 89 86 869 51 280 93 417 241 346 667 228 52 593 789 17 29 531 266 601 852 718 221 310 632 604 92 372 361 671 507 403 626 40 780 977 490 666 565 131 134 526 747 798 61 126 735 119 561 204 593 911 277 215 908 745 205
371 571 421 173 876 190 653 638 235 268 413 186 185 313 860 759 363 430 51 567 427 641 737 790 624 968 441 388 286 63 321 471 873 924 631 902 563 842 987 247 272 132 193 939 39 920 385 293 101 284 25 299 869 254 426 90 71 50 730 458 910 318 32 250 781 972 67 382 566 47 767 390 548 907 765 485 212 660 353 124 512 652 837 458 388 565 949 882 721 368 673 826 845 782 30 981 12 81 712 939 384 628 924 650 115 451 961 264 696 777 916 212 941 890 749 690 110 11 990 451 452 1 707 790 916 499 1 694 645 982 713 120 177 999 291 153 714 923 980 900 200 93 355 162 673 388 223 1000 981 945 934 684 823 677 9 252 113 464
685 618 742 219 621 470 705 676 460 921 563 215 168 390 834 942 490 856 32 145 214 284 462 327 38 22 945 397 173 46 515 107 199 310 302 558 560 46 619 564 81 918 662 768 212 124 821 959 195 215 542 924 726 834 373 342 261 581 541 240 893 60 192 529 349 967 804 442 403 459 354 303 460 723 778 478 972 907 366 502 633 729 949 326 237 957 521 696 942 127 12 828 28 17 176 351 804 8 503 26 534 332 612 587 112 427 945 855 664 169 904 776 761 75 488 972 946 365 536 672 80 609 465 279 865 183 484 44 787 754 283 706 551 948 991 825 61 3 365 52 869 249 780 194 41 882 196 59 415 839 481 91 197 21 631 333 123 134
4 885 543 538 202 389 139 178 29 59 19 132 771 828 302 538 625 883 666 666 495 665 896 398 499 758 536 833 870 134 519 684 56 632 472 776 328 449 28 32 475 916 561 417 429 338 394 898 310 638 446 989 737 880 900 348 769 759 217 332 144 724 703 107 299 170 423 147 547 637 886 795 143 483 819 319 374 974 505 851 479 307 983 555 545 547 626 299 999 785 295 241 20 576 653 750 513 4 81 139 821 359 907 184 611 409 920 224 629 888 500 675 23 461 928 717 302 146 920 331 270 794 272 479 844 485 298 632 349 882 320 311 836 806 634 412 36 363 204 279 136 152 40 761 415 147 457 331 463 14 350 932 6 628 309 11 601 694
879 27 933 186 415 364 379 329 235 445 159 408 24 898 237 257 785 853 690 206 948 539 514 650 503 539 686 944 21 744 181 10 146 228 529 348 463 799 955 218 44 133 752 674 989 89 398 612 989 315 986 218 65 873 636 476 628 630 110 452 682 708 547 451 610 520 568 222 506 198 204 291 870 118 637 316 86 991 687 447 853 752 229 323 662 908 460 351 582 471 526 906 236 824 929 589 271 478 149 186 908 508 647 429 749 978 128 576 447 21 965 22 958 262 32 179 684 282 51 600 247 259 774 538 631 225 318 848 170 756 224 461 521 354 974 775 870 403 646 793 647 881 477 45 94 813 609 322 557 935 361 315 844 551 522 309 778 778
595 257 125 820 507 141 266 621 602 371 213 376 894 925 91 276 239 998 476 277 193 244 103 706 365 736 435 836 814 636 584 389 168 886 725 50 325 718 873 733 770 300 32 74 330 621 641 514 7 788 879 427 833 220 142 304 456 608 727 977 209 204 757 213 91 680 181 49 929 939 702 344 289 528 116 4 177 491 657 78 91 479 105 873 986 457 774 321 384 552 942 395 247 914 725 520 302 418 346 521 866 408 740 490 93 156 63 184 959 751 532 74 327 637 692 487 341 819 508 922 1 158 354 203 553 987 34 358 772 37 144 164 719 78 852 198 392 767 113 441 749 684 600 953 608 174 328 969 644 51 248 910 442 219 490 359 503 660
850 988 325 827 415 483 22 90 345 651 84 638 853 829 948 185 52 973 469 729 456 231 741 490 223 26 154 479 167 301 696 418 518 518 570 626 82 322 102 907 111 856 803 822 418 387 35 72 504 156 760 245 981 572 387 690 147 988 609 633 116 521 640 872 728 48 695 962 746 725 45 63 558 220 521 102 866 740 587 546 377 612 638 717 329 970 45 608 32 747 345 989 616 310 293 145 796 288 242 773 16 419 531 683 476 998 877 866 196 619 715 861 267 614 874 331 371 190 27 743 859 875 672 819 374 667 193 333 466 768 159 341 606 833 132 457 37 396 293 824 754 259 509 945 385 238 759 984 48 235 275 818 386 556 987 381 151 211
395 562 272 330 7 155 558 571 527 10 666 70 933 185 289 868 774 558 603 702 559 203 326 575 914 608 883 839 385 467 771 522 249 575 444 980 135 326 229 283 501 362 646 754 87 383 518 379 543 860 366 313 91 976 948 896 810 228 45 363 251 502 818 793 394 723 472 303 415 278 470 631 819 82 395 207 651 398 474 901 763 999 58 536 387 135 179 531 721 665 240 630 833 775 794 36 235 49 146 158 1000 848 593 637 757 388 219 873 56 272 490 441 372 349 395 242 799 965 882 274 409 734 290 948 518 459 688 117 990 58 466 839 838 956 263 614 627 695 167 933 208 840 77 322 766 906 474 773 423 915 353 396 845 73 59 865 239 673
777 371 688 746 717 982 107 466 111 804 960 130 12 104 45 709 390 36 568 230 772 173 781 217 2 32 333 841 370 188 248 750 16 82 833 299 937 694 427 223 946 484 938 900 225 389 153 76 397 283 66 103 445 821 586 941 859 115 497 140 388 861 322 340 866 630 862 54 836 538 514 372 939 590 964 915 485 752 638 716 665 75 394 292 440 460 533 916 306 648 223 604 920 518 382 266 188 566 585 794 537 14 309 543 338 612 46 925 279 550 725 792 55 313 754 804 529 831 512 278 725 216 545 30 489 482 324 998 381 206 693 589 117 955 438 539 307 488 300 325 779 545 377 217 94 662 203 422 400 890 360 66 268 858 549 926 456 760
37 640 688 163 949 128 456 559 915 100 394 455 608 388 231 939 493 622 130 571 408 646 791 545 563 231 386 194 261 131 487 128 858 446 551 319 839 503 352 473 334 588 382 115 386 44 801 719 30 731 616 138 601 620 844 428 882 852 461 241 77 199 491 862 105 136 810 422 919 529 158 912 641 290 597 274 298 372 565 941 116 586 774 239 172 118 711 27 35 321 91 373 810 100 184 136 485 580 971 176 878 822 795 743 994 852 21 114 983 276 761 730 297 601 196 352 297 778 440 761 752 898 319 998 770 776 933 399 665 54 606 96 693 953 326 598 779 46 554 852 409 249 539 474 306 753 2 990 372 863 42 542 989 288 345 922 410 920
979 79 168 471 824 91 392 883 507 359 692 971 139 190 389 462 925 521 816 717 782 11 915 303 278 108 853 467 362 721 860 681 201 883 769 776 635 334 206 295 595 477 689 613 816 925 477 335 106 727 566 917 799 460 757 37 94 950 281 518 746 721 905 830 62 949 564 835 3 675 705 984 288 955 511 480 577 884 154 186 484 537 288 257 118 678 481 926 775 851 256 271 336 21 20 717 98 712 870 544 743 223 183 774 709 686 373 686 29 79 537 636 802 138 203 213 142 316 103 592 417 544 609 308 41 553 235 516 996 4 853 806 499 983 187 763 944 754 439 450 715 57 210 504 957 855 642 117 133 177 981 339 302 837 429 942 956 150
117 847 468 303 121 694 71 903 587 262 886 94 434 244 83 974 137 157 543 595 880 908 753 720 982 546 897 358 103 978 179 1000 7 806 838 250 378 922 112 626 294 655 998 877 660 484 568 952 145 544 741 819 997 458 879 982 31 473 467 842 305 185 479 600 788 601 680 914 588 218 360 878 955 590 774 43 377 901 624 295 747 597 751 872 314 698 275 52 625 761 915 544 94 347 436 31 327 647 419 442 466 755 547 463 812 132 975 419 890 442 780 552 676 434 257 483 464 355 166 666 861 670 987 927 249 451 901 684 603 518 624 314 624 705 263 38 280 805 588 388 435 684 571 952 153 117 385 831 955 212 99 201 325 743 582 132 20 324
834 222 752 995 941 597 245 1000 877 321 593 781 241 661 316 804 12 893 432 149 869 490 612 202 358 852 745 699 282 328 900 109 775 335 430 697 699 155 816 541 525 611 135 143 399 605 685 427 427 554 657 151 461 274 917 310 933 831 385 565 380 830 31 746 690 404 5 917 74 253 50 960 23 837 734 746 732 719 146 841 431 349 6 38 652 324 613 164 591 117 791 88 524 305 706 247 643 778 470 552 813 664 141 135 157 87 928 806 888 25 330 251 296 572 814 696 15 571 931 54 567 257 957 813 855 324 996 850 160 182 91 826 861 727 930 445 985 529 575 120 733 325 498 655 967 215 350 703 682 639 990 429 891 118 110 6 813 186
247 57 480 153 869 701 592 193 440 849 671 759 269 278 713 573 871 753 730 886 671 681 619 142 681 454 542 58 916 871 762 64 76 598 16 602 836 211 458 741 732 568 369 445 113 396 628 453 394 671 586 485 688 988 271 773 250 505 197 347 329 136 41 604 866 151 63 182 705 64 949 83 155 412 973 123 778 690 925 880 362 167 533 913 684 351 770 582 662 324 154 259 891 644 762 829 1 947 314 647 425 616 4 56 383 326 990 729 660 28 97 497 470 180 366 812 384 755 241 424 807 932 680 31 986 494 984 240 96 161 608 511 47 789 535 920 888 561 17 800 516 275 396 877 178 522 319 852 734 774 657 123 59 29 889 232 279 912
147 278 364 8 380 539 834 771 577 703 592 688 331 941 535 983 423 650 252 116 896 999 17 997 827 982 368 509 772 636 53 268 392 612 815 947 764 934 477 442 829 395 544 500 944 683 644 580 792 570 278 115 72 598 566 550 63 430 309 947 552 621 317 894 603 453 837 412 521 330 882 119 822 138 928 418 28 6 829 102 748 540 595 237 353 239 581 243 515 888 250 753 549 424 736 751 848 655 92 998 194 894 993 566 121 506 587 673 245 774 682 562 279 322 753 112 163 601 493 552 943 768 61 687 345 972 746 545 4 957 902 577 349 727 786 907 59 380 504 478 614 801 738 600 173 808 529 686 769 886 589 633 248 745 878 637 857 853
891 574 673 341 704 665 825 920 498 782 704 866 626 837 690 50 632 912 69 623 49 312 716 986 325 875 701 370 361 31 66 123 862 112 535 224 501 87 481 682 292 483 233 641 552 195 311 329 855 995 597 202 793 415 716 646 653 873 937 126 45 409 927 927 96 8 375 251 986 249 303 68 388 554 508 503 970 150 168 551 944 920 577 951 920 499 452 536 391 767 102 518 263 991 828 400 377 357 440 171 869 178 33 840 190 961 145 267 959 4 852 922 546 54 355 805 705 16 468 143 688 406 177 704 943 627 916 104 858 421 818 708 753 167 231 871 94 622 293 535 782 164 687 28 302 79 479 563 576 697 77 420 111 743 407 497 798 993
995 852 487 250 127 52 647 194 134 505 26 865 398 394 648 684 650 679 740 963 775 198 828 956 230 87 656 330 820 606 643 636 450 848 293 492 693 569 580 979 150 406 281 266 95 570 384 426 727 307 911 915 102 54 527 98 489 131 623 599 106 24 411 613 222 868 588 403 743 6 264 932 963 261 662 474 849 684 667 52 408 483 119 107 142 238 789 447 762 289 136 494 726 742 410 987 793 582 699 870 4 362 833 390 149 91 770 811 940 531 569 620 797 585 549 874 909 811 300 994 455 364 161 121 401 565 966 738 41 462 288 673 849 701 830 177 725 549 95 623 547 847 160 77 782 701 758 693 645 683 78 439 309 158 547 652 553 236
788 791 891 264 1 48 628 895 757 334 875 188 404 98 754 701 330 305 746 163 519 332 568 146 788 723 699 682 875 190 56 626 343 320 339 70 16 78 26 540 548 311 617 338 982 345 884 708 307 746 710 278 692 589 935 700 906 614 563 465 676 42 384 533 4 464 228 647 221 992 424 158 221 572 716 980 694 535 462 90 862 289 696 498 360 600 361 262 563 656 794 52 877 124 928 9 427 804 48 40 976 611 637 67 265 142 670 244 838 970 766 520 398 608 777 874 152 956 498 9 435 264 882 247 571 753 907 302 557 631 579 598 146 43 631 561 522 135 905 114 183 844 839 83 364 582 183 249 943 403 472 769 987 476 868 78 796 170
953 600 528 67 135 290 6 551 562 17 13 862 600 662 293 86 28 291 333 545 861 524 981 701 449 135 515 670 867 629 57 714 334 818 270 7 574 268 509 84 559 891 867 679 210 739 401 125 188 727 334 689 382 207 20 360 477 831 577 207 475 405 426 332 74 582 958 374 337 909 659 591 191 860 150 639 765 160 306 42 711 312 92 440 99 171 151 670 703 690 747 222 990 231 108 746 849 424 496 838 736 636 853 427 161 130 719 128 336 424 449 518 586 691 173 742 327 809 263 731 885 992 532 497 931 74 238 332 808 58 975 337 309 706 660 974 756 747 426 496 299 436 887 311 93 130 223 437 291 53 260 647 99 883 361 501 83 707
881 415 873 158 440 358 392 662 669 592 998 180 957 970 613 621 59 864 766 459 281 529 719 3 179 257 192 490 767 80 937 849 582 45 331 189 751 236 462 929 382 507 91 67 805 590 999 418 300 815 146 882 830 276 286 574 971 608 348 198 507 940 349 864 859 991 608 334 469 175 462 192 641 132 634 875 431 984 519 516 350 181 206 465 904 160 387 823 133 926 252 419 659 775 304 681 334 11 262 996 875 805 827 729 416 715 844 816 636 510 340 459 537 214 884 966 930 353 39 227 681 549 465 890 874 976 634 6 121 263 309 911 540 518 260 296 7 753 42 611 362 790 917 244 704 350 774 514 523 243 285 863 81 110 368 202 201 34
192 533 628 139 812 120 54 21 62 792 56 302 145 94 44 639 846 416 822 350 370 313 582 264 583 62 999 573 471 890 163 52 362 303 809 859 268 23 478 769 497 643 744 956 64 883 996 672 685 740 128 739 190 626 21 366 621 171 709 529 508 312 972 985 297 940 768 692 239 45 732 599 640 533 344 896 637 239 966 98 461 271 992 747 730 211 894 411 155 6 286 776 758 335 495 925 473 208 22 166 365 911 299 157 475 983 262 639 277 383 845 597 397 551 128 598 172 777 815 988 454 22 159 269 800 542 366 484 717 440 285 929 104 976 219 810 249 708 376 664 857 27 335 565 554 846 902 363 345 305 853 298 81 674 280 825 168 697
602 910 947 348 710 74 387 704 104 802 596 286 494 55 815 512 569 623 998 473 443 201 526 456 252 799 29 424 319 362 636 253 958 462 438 113 67 120 436 162 132 937 724 21 662 890 444 906 995 237 568 889 181 714 331 780 305 875 344 60 419 932 213 588 706 754 757 754 228 473 60 554 61 816 737 768 533 122 58 563 751 968 245 305 16 609 736 513 846 482 758 281 543 111 355 146 317 808 651 827 368 67 874 49 914 204 512 8 3 847 452 145 706 234 23 75 952 519 598 850 64 379 983 545 921 71 102 791 178 591 343 124 291 736 765 743 349 423 479 591 628 2 661 398 176 97 379 48 867 625 846 659 55 633 460 137 712 21
441 367 587 69 550 899 950 623 609 859 272 362 68 938 558 18 304 972 820 854 637 430 614 835 728 599 505 568 976 801 218 996 604 509 753 862 14 106 331 691 876 214 880 161 521 692 938 773 921 184 774 55 583 905 97 210 307 184 81 155 225 798 485 314 113 877 104 876 324 50 577 579 849 230 350 138 293 499 234 494 137 641 44 898 978 94 17 952 932 82 178 718 193 754 997 990 293 730 379 469 433 621 763 779 921 6 79 884 857 852 779 398 45 332 43 26 313 862 21 409 389 565 612 262 16 569 435 178 190 253 420 852 253 660 9 283 399 768 807 787 225 767 666 684 997 362 770 575 51 232 965 857 770 52 185 206 888 910
321 90 991 420 676 670 969 513 681 91 586 502 801 225 163 656 654 147 891 162 472 921 30 780 478 290 922 225 403 161 175 766 642 599 272 226 675 548 257 515 96 412 283 727 697 271 860 7 137 114 878 236 802 54 144 78 770 765 778 506 900 258 267 610 977 24 994 610 195 732 886 306 899 736 714 517 662 718 173 936 719 433 296 366 121 200 854 61 714 836 302 594 566 193 532 682 157 557 375 159 73 80 733 690 295 496 825 280 823 826 906 824 506 860 511 436 54 585 863 918 508 48 586 448 952 638 818 146 232 6 511 873 313 28 976 9 150 717 631 636 818 864 137 759 730 28 244 221 279 979 561 151 735 341 478 85 780 324
155 369 998 157 467 561 411 397 660 559 228 677 480 233 982 122 545 936 141 944 169 331 633 60 301 705 654 767 380 268 616 812 408 746 482 633 431 583 569 547 364 939 647 931 5 642 482 542 596 473 100 521 900 863 203 335 180 740 370 902 485 513 83 105 194 77 406 256 548 489 913 480 494 86 830 881 194 215 423 44 864 447 5 407 940 624 448 666 215 53 448 16 829 508 55 236 362 411 812 464 368 133 496 267 715 887 514 431 197 585 310 121 264 558 582 101 939 316 829 5 959 176 724 252 141 460 174 943 854 238 595 558 349 37 769 167 427 787 761 732 574 893 734 924 347 341 818 644 177 322 315 10 812 293 808 717 449 806
915 529 382 110 813 667 244 46 744 851 729 832 532 60 801 34 783 174 790 434 808 346 1 581 292 732 291 722 296 278 107 417 378 879 350 654 446 898 477 579 85 179 997 272 774 998 891 663 23 52 247 401 834 504 285 292 612 891 34 84 253 264 615 129 936 387 548 261 485 357 654 666 282 503 911 962 394 762 82 615 897 967 266 753 545 551 142 808 489 320 919 747 933 538 6 971 308 266 588 124 737 647 363 894 38 380 917 994 894 900 36 484 840 655 422 247 455 581 884 123 122 445 812 996 859 870 931 804 742 953 317 315 476 453 797 230 94 825 566 583 940 869 259 425 934 683 450 390 474 183 460 526 402 741 14 671 511 43
686 502 794 782 621 916 619 617 833 995 263 809 991 402 860 427 686 933 996 637 971 577 19 407 33 630 980 531 804 947 743 614 223 922 862 626 231 739 321 224 841 317 364 752 286 737 479 574 255 619 568 125 132 66 956 850 176 606 981 435 834 666 813 633 808 1000 4 641 367 589 626 271 603 152 947 923 403 642 145 983 547 730 342 356 692 793 397 598 521 625 290 526 774 158 358 249 421 168 586 763 267 527 88 742 571 182 933 550 171 26 855 447 30 642 777 1000 547 956 866 900 151 354 244 164 984 55 709 925 907 548 991 397 509 230 874 22 197 499 168 174 39 536 343 881 856 458 817 742 699 746 123 453 468 113 126 125 921 477
117 597 81 590 664 581 824 15 415 773 856 553 283 205 35 544 799 407 374 341 577 994 242 131 307 520 947 694 498 869 575 868 332 719 576 20 900 259 154 160 363 627 95 324 628 758 259 433 191 578 962 707 70 706 551 995 503 506 474 515 641 995 205 490 76 450 512 879 987 227 440 856 816 53 951 590 253 824 150 668 581 258 47 458 309 389 181 67 266 686 252 804 448 473 254 558 874 930 265 710 997 63 255 282 164 192 953 725 931 837 460 241 614 411 254 71 8 495 254 545 940 96 270 117 595 50 121 443 777 500 222 106 999 694 35 835 344 159 150 970 565 274 587 922 755 93 472 518 412 864 761 756 365 312 655 336 630 631
93 506 542 883 954 351 446 487 801 112 446 344 360 607 535 996 886 385 920 253 959 257 2 235 24 112 524 102 720 149 950 545 190 707 367 594 777 915 772 818 475 422 264 933 41 3 726 163 287 27 124 849 418 97 542 425 898 819 239 475 127 838 164 352 113 815 745 505 300 500 780 10 695 291 475 485 846 334 660 269 460 703 650 551 132 189 994 653 294 527 893 267 793 397 162 281 678 199 657 455 695 724 208 790 554 345 178 463 758 4 415 120 92 708 874 503 593 114 851 329 180 311 190 930 151 589 854 58 120 616 151 558 660 172 458 869 994 939 551 242 123 173 208 335 910 494 509 199 854 287 524 73 637 872 90 93 715 908
375 100 434 596 425 823 322 855 218 616 256 216 456 733 503 883 367 439 872 597 565 619 539 198 309 273 319 236 225 135 620 971 207 662 720 153 962 622 913 357 556 982 50 640 276 84 662 752 571 427 896 158 720 744 373 339 23 485 262 987 782 743 196 592 648 997 905 203 255 198 671 114 322 821 153 558 678 950 399 517 870 876 791 129 341 543 11 414 693 567 51 939 938 478 800 450 825 574 590 630 163 236 105 946 961 104 181 964 134 382 355 260 33 278 399 818 936 878 283 785 138 506 602 861 623 31 334 534 220 139 739 114 480 141 865 77 448 537 233 237 263 370 930 11 642 399 969 698 629 340 447 924 46 882 85 873 384 207
317 800 477 84 91 921 64 286 932 696 671 85 469 878 243 985 849 363 954 386 99 37 439 21 904 609 307 111 405 625 237 825 374 523 635 667 482 576 234 189 551 585 806 788 634 501 964 590 378 724 162 639 675 413 44 840 810 218 335 853 676 817 326 466 313 268 140 894 341 752 185 336 914 990 64 955 4 380 196 907 783 496 870 819 404 334 608 854 16 614 125 211 370 347 349 194 439 840 699 141 590 744 841 57 741 74 921 399 192 774 735 190 432 537 779 91 649 161 639 293 497 572 417 879 870 640 731 841 12 30 144 63 790 630 970 54 238 233 951 471 966 990 197 782 86 790 662 500 86 637 369 442 404 839 216 915 456 853
199 59 136 300 755 111 15 31 115 366 846 12 489 140 870 252 65 334 320 289 273 788 638 707 775 614 819 807 440 838 112 927 799 179 189 964 419 467 216 323 578 452 13 918 86 630 942 356 877 860 642 55 316 33 51 739 593 470 916 501 997 224 989 582 207 207 278 516 136 842 652 11 688 9 929 85 842 615 853 419 102 249 968 328 272 141 799 77 539 403 984 257 301 878 343 439 497 85 656 314 80 300 122 698 562 477 24 521 175 583 876 478 1 240 110 881 235 335 353 844 291 761 887 520 258 760 618 285 832 337 876 81 813 668 667 937 327 686 557 111 957 635 453 63 334 924 864 684 77 824 286 713 852 464 549 484 375 69
785 419 193 462 936 997 544 485 921 300 21 693 642 864 134 385 709 313 882 669 969 455 355 820 718 492 46 890 942 715 62 477 648 404 975 772 438 833 630 585 308 43 638 196 833 682 535 607 526 821 569 680 622 620 507 87 521 700 290 47 194 198 217 549 417 51 615 387 348 707 927 342 748 891 730 850 991 993 118 606 317 218 905 286 84 627 864 284 429 263 412 436 315 270 699 391 552 909 628 606 866 205 428 575 807 287 921 229 183 565 615 400 266 58 621 783 310 454 976 971 629 922 812 219 126 539 514 279 842 670 364 512 639 27 60 419 726 340 266 18 194 823 824 649 947 32 786 128 993 280 740 133 869 780 652 209 358 491
388 195 399 213 842 39 389 218 612 552 801 356 102 759 919 140 783 255 315 4 717 140 446 347 229 730 547 967 416 200 778 932 753 641 905 217 993 305 812 199 696 886 277 470 154 411 847 109 504 236 394 154 7 684 757 343 276 742 521 785 449 746 389 723 582 464 462 344 82 273 165 171 591 500 626 822 918 849 246 198 603 885 587 832 236 654 751 385 22 836 840 308 625 54 151 302 348 747 186 994 366 978 386 779 176 285 608 318 334 607 121 746 689 260 840 525 388 523 181 985 335 950 98 575 929 687 969 757 810 1 750 492 770 330 383 485 498 504 295 882 176 412 994 975 957 963 781 443 874 717 648 332 381 908 63 828 653 214
284 587 795 400 723 171 628 920 902 46 776 435 273 290 482 234 898 746 918 40 656 472 646 30 809 4 243 500 107 338 814 388 525 566 347 10 415 919 956 616 439 416 678 946 688 796 248 78 716 806 560 509 527 885 271 795 405 290 378 494 410 53 532 616 904 145 403 90 477 502 933 743 495 243 926 567 218 118 839 919 271 485 52 112 290 298 469 918 327 327 580 196 812 865 285 218 214 203 907 724 166 285 870 862 806 286 379 829 411 886 88 240 931 370 240 838 757 677 598 321 126 244 844 263 663 993 901 847 832 526 990 862 10 221 175 634 810 813 602 327 472 374 928 23 462 629 2 868 139 930 351 785 674 207 834 219 589 688
445 217 378 450 95 878 728 68 946 256 9 142 445 925 333 890 26 382 421 982 818 595 602 379 315 850 809 767 181 151 668 776 916 109 714 625 70 545 494 999 78 710 146 621 366 659 803 757 455 578 7 178 52 437 95 666 780 97 119 220 612 801 250 149 133 757 92 522 979 89 897 154 487 671 675 788 889 699 460 386 476 577 233 935 53 992 707 233 174 449 607 132 666 361 26 12 717 518 478 124 423 535 396 275 326 257 954 257 365 754 546 55 79 119 111 412 38 776 499 385 138 821 150 719 831 204 326 222 923 203 111 719 940 5 944 829 398 372 503 394 418 66 927 386 961 247 720 140 239 330 75 516 707 290 114 652 450 105
347 365 422 178 325 888 56 705 581 948 340 776 580 879 400 224 579 674 641 236 21 595 440 144 830 607 551 712 326 871 165 10 293 733 235 129 188 697 823 18 4 125 970 637 547 826 702 444 390 85 613 51 709 805 563 914 98 923 806 670 420 426 692 492 237 868 783 420 249 469 742 670 440 92 553 87 680 222 851 130 58 442 433 999 289 189 221 287 168 937 134 704 389 314 323 490 894 641 289 60 762 301 477 131 849 338 77 508 677 19 920 291 606 908 992 55 422 437 473 536 765 600 469 357 127 530 862 921 30 819 705 211 179 894 818 356 836 235 104 948 191 701 403 241 862 682 670 551 915 616 506 345 319 40 860 972 687 765
125 123 292 328 745 571 252 444 886 522 413 923 916 692 615 217 385 51 824 977 681 752 843 461 631 877 243 666 39 177 844 125 994 994 588 142 317 621 390 785 119 876 143 11 85 745 662 281 241 320 856 928 148 495 526 996 125 5 400 895 59 332 581 734 611 57 692 240 990 90 599 706 538 801 565 579 169 805 133 863 81 417 357 827 107 471 291 632 967 869 886 105 205 813 835 202 861 237 517 641 113 910 203 623 783 771 80 311 749 937 267 850 97 56 142 611 819 369 989 120 769 40 509 476 928 616 836 547 3 439 685 377 800 735 848 221 905 657 156 891 82 253 297 491 898 995 9 871 682 280 973 23 380 169 115 850 115 288
457 324 586 398 10 773 468 45 919 716 744 875 787 919 757 175 217 475 839 693 67 979 386 901 516 600 309 788 500 746 66 821 521 94 259 990 891 760 588 765 906 207 135 78 638 301 318 255 981 262 176 518 461 599 693 28 915 217 631 564 637 885 643 583 865 221 645 339 716 967 425 303 319 573 942 509 130 854 491 208 854 495 848 347 991 653 9 617 125 348 180 612 519 168 454 320 602 154 368 164 6 995 427 629 16 50 224 172 15 4 721 973 208 489 735 703 94 451 329 753 50 880 888 391 579 444 222 553 879 313 643 779 622 298 831 295 2 700 180 759 340 849 161 874 219 362 258 920 557 13 492 210 539 207 461 977 666 917
788 65 258 162 179 99 153 679 746 653 595 407 32 47 338 94 699 814 67 495 900 961 385 996 518 590 426 78 302 233 304 102 497 359 482 3 663 261 454 627 614 27 209 402 507 266 630 549 996 540 907 665 689 893 882 248 42 132 504 161 391 693 769 165 386 517 7 375 610 93 287 610 779 559 810 47 492 455 759 761 991 888 392 350 518 943 596 242 9 753 774 674 713 668 724 978 202 949 967 930 801 313 361 492 340 529 365 454 807 224 287 781 373 161 369 660 276 5 140 305 77 887 639 99 207 54 759 689 505 868 761 329 207 706 315 579 999 442 174 546 636 133 358 196 152 289 667 558 264 482 903 546 941 96 758 790 2 838
815 230 412 715 72 525 918 47 83 41 590 665 779 408 902 813 726 142 339 313 789 397 108 573 247 832 494 657 806 428 977 373 527 682 35 834 729 968 392 396 838 382 895 794 608 389 625 843 540 644 112 25 927 923 208 623 981 942 848 761 810 613 578 487 448 510 22 371 11 3 488 816 797 977 92 93 421 613 137 251 157 87 303 676 764 592 958 463 730 178 133 157 407 117 511 337 599 869 111 929 960 315 393 826 17 50 315 93 299 124 123 863 467 722 924 942 520 306 500 23 47 669 686 562 414 825 660 595 81 549 928 12 785 747 363 813 440 338 570 227 304 975 158 385 191 581 154 323 598 147 657 58 909 720 786 168 98 419
418 626 244 993 856 462 895 982 104 368 228 852 838 225 713 953 398 826 202 472 31 206 882 753 498 272 565 343 554 152 69 915 355 663 456 657 355 535 368 873 468 605 503 326 376 223 721 721 449 717 232 318 646 988 579 732 461 151 372 5 180 295 305 957 866 760 1 68 694 309 350 778 907 457 747 941 744 746 43 552 169 466 73 783 281 331 525 107 839 825 751 963 219 437 463 794 916 517 869 864 734 599 94 509 482 917 635 57 827 10 190 486 145 438 965 295 229 620 200 19 325 243 70 946 787 486 499 785 238 804 158 126 305 580 6 996 712 762 817 578 629 178 775 658 906 765 866 543 56 621 280 291 500 940 184 950 383 885
188 84 808 523 592 79 649 419 487 229 564 962 980 111 314 356 966 464 962 411 451 934 111 377 358 847 944 120 218 699 784 641 668 649 20 283 308 490 983 506 819 261 193 799 737 659 679 38 761 715 577 124 479 797 740 146 889 886 590 729 298 595 668 330 4 20 356 966 828 690 819 661 137 682 128 654 153 290 161 863 761 201 756 630 232 253 143 277 877 589 3 225 202 866 354 531 189 685 617 39 301 406 679 94 344 683 200 415 201 68 306 912 155 469 933 400 966 456 12 487 197 646 277 330 782 760 946 404 41 715 39 933 538 493 850 203 182 461 44 649 398 7 837 840 465 131 32 238 397 34 186 473 540 23 954 700 356 862
376 994 54 339 309 288 756 494 230 487 536 197 267 995 666 917 144 680 102 693 823 834 324 362 532 535 861 957 266 556 632 668 518 703 261 233 862 324 515 510 389 993 787 138 94 249 652 399 561 61 902 207 421 345 62 732 754 706 830 375 209 238 54 490 467 74 420 876 266 306 101 925 912 984 769 915 707 980 198 331 92 127 349 325 562 780 87 593 228 215 502 851 102 338 739 416 379 396 794 681 641 609 931 185 510 829 306 948 818 114 320 691 172 811 313 557 765 257 68 929 237 581 386 252 870 722 357 249 929 440 928 334 983 135 515 331 860 962 355 186 707 900 623 178 632 91 608 548 909 646 868 788 858 734 179 429 132 752
975 716 635 713 474 597 934 432 694 439 352 89 778 209 290 644 666 90 278 352 177 939 329 599 402 487 565 61 205 327 789 91 616 213 838 239 592 107 166 539 852 898 770 956 25 322 275 267 473 599 474 35 745 981 757 78 544 333 939 70 780 728 790 448 411 510 579 332 802 259 422 797 730 775 96 651 889 782 214 724 435 543 638 80 63 33 206 510 922 484 408 890 557 324 990 400 62 514 948 14 488 126 485 383 254 856 782 946 721 48 382 126 979 410 642 262 663 497 82 924 262 654 574 263 478 214 233 341 542 652 347 917 51 735 281 298 57 643 705 648 497 398 301 430 438 798 349 511 412 514 66 79 545 384 127 34 986 934
166 191 323 50 755 115 6 427 424 757 164 435 484 523 788 991 873 150 455 36 550 826 501 135 416 829 697 332 721 583 838 982 836 374 241 303 833 701 602 32 309 695 975 260 645 396 397 327 965 203 478 827 359 693 877 88 717 511 658 121 579 426 887 669 630 372 387 656 399 656 235 894 745 866 257 123 430 176 414 252 427 132 613 174 848 516 44 247 557 43 858 459 75 184 146 960 248 370 332 945 968 583 741 141 596 879 907 773 819 421 305 858 253 605 108 176 351 984 838 135 239 898 505 616 604 376 798 616 332 38 644 225 335 378 581 588 1000 75 549 509 106 719 701 438 900 570 264 379 307 475 889 204 451 161 826 973 386 835
627 346 457 807 65 775 818 580 644 514 860 601 105 266 901 369 533 758 621 54 355 816 65 725 771 970 7 933 134 193 822 465 864 86 874 862 554 306 684 631 893 946 198 905 664 801 952 737 638 283 112 900 318 314 884 248 790 900 403 588 113 537 492 35 174 271 926 784 595 694 591 125 648 288 82 527 672 160 755 359 268 794 12 585 547 655 166 619 193 777 885 207 636 933 840 250 217 602 190 72 84 622 52 841 946 841 992 258 69 617 955 217 915 918 937 427 75 509 959 887 157 641 304 76 385 809 24 309 735 467 802 579 690 112 807 750 309 440 362 183 649 219 406 908 888 87 765 429 863 515 437 977 939 956 335 798 508 379
93 372 410 362 793 844 608 419 78 159 863 763 901 104 415 810 826 843 847 986 483 716 906 374 692 330 92 855 481 287 869 683 27 623 209 301 663 959 922 662 13 145 952 906 405 352 125 338 165 140 510 48 523 527 484 47 75 260 433 252 963 160 24 122 722 294 456 261 910 8 132 100 63 232 947 116 909 247 490 526 148 193 904 631 81 808 709 963 862 404 326 166 597 881 697 566 957 225 252 740 924 263 544 61 192 557 457 859 568 288 38 269 39 154 208 276 668 533 472 679 792 641 15 255 994 380 336 724 708 903 908 622 434 383 474 279 465 571 983 131 721 182 670 339 326 682 945 274 452 990 321 62 575 277 424 582 953 193
564 33 302 49 679 848 375 2 311 485 183 703 190 505 759 252 795 324 261 366 261 940 762 156 618 187 895 237 269 866 677 917 809 118 476 73 707 486 743 872 384 754 260 533 752 393 381 415 819 908 886 403 791 332 104 350 505 312 4 805 674 198 567 860 655 941 70 112 911 799 629 935 586 817 536 437 386 720 581 662 957 49 734 818 197 688 119 319 37 780 775 638 611 635 646 812 350 401 154 566 141 252 420 717 721 924 570 168 884 977 290 546 905 455 778 45 73 772 50 127 434 815 934 191 551 275 419 225 569 295 723 358 691 844 701 744 477 541 806 289 362 954 399 21 96 302 904 812 701 575 525 935 334 143 24 394 802 221
125 502 518 687 621 490 854 628 996 211 704 637 572 6 881 377 913 712 913 532 645 540 767 251 653 391 370 810 601 664 760 237 476 956 186 880 809 270 415 611 946 478 232 933 718 119 270 861 666 372 907 68 521 172 885 331 146 66 217 960 544 437 488 2 491 687 337 88 26 808 338 629 159 35 458 974 94 475 505 733 728 285 980 1 90 154 852 973 160 183 107 848 485 594 502 345 189 739 892 810 403 550 725 753 236 345 891 602 955 65 630 924 339 989 806 841 102 403 492 648 320 295 689 842 115 562 70 589 253 494 652 710 524 785 685 517 701 131 305 54 721 261 459 219 549 833 28 568 253 784 101 871 582 226 207 142 933 238
854 151 349 134 313 639 866 838 793 37 228 671 445 502 166 961 33 70 543 539 741 256 630 613 85 339 119 528 849 765 807 927 182 914 941 672 311 342 202 10 118 55 669 902 868 873 627 774 380 913 913 720 96 998 302 171 444 820 74 682 201 508 68 532 181 142 60 607 75 441 694 266 646 769 120 785 649 120 857 488 781 764 158 154 556 949 631 26 924 934 424 829 315 200 99 857 218 582 239 301 276 202 461 663 981 385 873 112 995 346 423 819 91 927 954 366 301 818 156 108 763 564 138 915 373 415 6 563 450 147 681 462 401 238 208 44 165 111 856 713 868 327 100 785 340 863 294 990 744 394 336 790 496 693 198 28 917 404
976 990 471 341 284 938 247 920 653 864 890 240 164 407 185 44 97 925 845 857 130 25 984 594 576 164 46 933 12 534 683 902 62 955 460 111 258 871 103 155 970 426 878 65 689 38 817 185 424 407 155 808 439 296 660 456 282 807 24 497 886 400 317 945 414 589 233 473 201 537 728 700 213 548 119 203 958 885 806 733 418 155 194 227 266 860 800 616 846 700 19 712 620 661 344 961 150 827 241 583 535 572 194 793 988 567 89 574 292 270 481 607 176 272 338 894 393 189 588 542 572 29 856 303 670 636 859 795 515 671 140 230 743 361 550 161 944 438 474 158 92 99 283 37 886 897 834 754 304 579 727 939 698 398 161 694 785 113
363 612 664 152 922 787 659 904 1 394 973 95 320 486 877 452 440 874 733 238 475 413 990 741 118 309 530 581 849 300 718 976 696 7 701 137 552 71 200 651 467 893 656 951 487 719 636 113 887 435 818 146 36 109 89 476 414 333 795 947 880 847 411 62 269 939 873 661 349 663 14 369 64 229 937 176 981 20 243 436 392 153 170 469 351 155 870 970 262 509 337 219 976 132 482 707 579 271 548 669 993 759 888 306 880 614 519 11 770 243 290 837 626 535 391 111 90 616 663 432 565 562 741 786 214 33 235 552 616 649 516 548 93 845 136 659 834 495 458 261 563 120 357 815 39 614 254 888 497 538 697 665 192 876 33 638 563 847
597 36 67 657 560 470 330 130 235 749 652 899 628 640 446 911 352 11 156 900 711 858 341 353 139 65 693 840 509 859 593 931 369 557 181 882 656 94 395 24 517 573 481 667 990 961 695 776 359 951 747 399 480 472 233 591 338 97 716 464 756 593 442 694 629 359 644 45 988 747 800 537 477 45 897 884 438 561 60 567 909 631 803 643 457 204 922 7 822 435 66 389 709 635 129 884 944 87 137 227 860 191 85 599 1 327 741 170 457 274 487 758 11 286 933 114 403 356 127 568 65 639 713 845 73 222 554 869 509 702 175 871 341 690 344 616 304 508 848 986 469 125 566 814 518 981 7 1000 67 848 726 688 628 958 825 670 954 716
336 636 316 718 457 578 966 368 994 896 283 721 384 143 218 141 967 245 822 730 635 390 418 334 675 571 678 355 266 105 607 799 744 684 739 305 621 190 359 854 411 101 109 345 538 417 215 715 33 757 12 392 293 967 707 74 23 648 448 28 655 626 511 555 876 803 336 79 625 402 185 44 544 360 731 662 264 879 764 830 35 981 459 256 433 324 52 431 93 125 309 857 778 256 206 645 765 479 17 73 167 359 316 576 511 871 517 503 32 111 861 151 849 123 234 547 653 664 632 333 329 977 705 918 651 803 946 870 282 584 719 418 806 205 892 378 67 794 256 394 419 859 954 7 880 563 821 788 196 869 786 224 371 958 341 345 809 939
334 346 125 870 593 547 877 331 819 167 711 62 361 753 901 147 102 658 725 1 83 311 59 452 800 827 883 80 467 714 270 997 624 73 388 953 267 485 277 68 40 880 791 33 690 581 693 150 800 303 738 966 181 892 282 17 637 160 644 975 766 621 173 91 773 627 599 237 156 285 531 342 654 595 900 16 789 600 388 361 987 470 438 232 548 717 871 591 639 187 411 575 112 833 515 840 510 650 201 945 133 891 704 976 173 164 439 979 549 678 139 265 917 522 954 531 933 710 566 726 860 216 33 249 610 21 821 925 494 749 93 854 66 854 925 79 796 390 395 806 887 365 696 676 549 394 906 185 571 937 656 511 638 285 947 154 296 596
503 393 41 692 434 240 279 951 723 847 747 207 373 94 916 287 217 311 604 931 147 420 775 565 866 686 365 768 155 687 777 534 606 54 606 102 698 402 847 569 311 340 50 967 400 576 395 513 543 661 85 848 473 826 265 788 620 644 168 169 435 875 817 463 990 555 765 802 143 607 8 534 937 241 604 471 847 146 560 755 755 917 875 612 37 220 408 624 338 301 306 275 267 552 806 960 349 193 366 226 300 279 782 929 229 221 236 510 234 828 427 617 319 805 513 584 530 831 989 639 175 675 589 854 970 175 675 720 907 606 361 808 702 68 144 668 191 777 374 268 804 285 960 52 579 965 976 699 795 648 983 483 644 554 763 551 43 201
127 530 26 577 627 98 923 74 800 542 358 218 238 895 867 853 403 646 39 581 795 687 104 770 964 997 917 801 724 664 984 459 430 361 448 176 971 683 63 337 802 961 695 768 142 720 742 831 391 209 962 18 471 279 25 26 311 242 435 101 193 324 35 43 832 990 887 152 283 327 13 826 86 957 225 502 750 699 105 250 927 848 15 179 401 403 34 691 856 951 287 358 497 50 691 913 399 767 988 981 697 828 515 50 193 41 358 383 907 542 501 365 43 4 178 727 158 945 642 71 555 318 65 171 141 592 858 153 166 86 793 73 391 589 586 2 59 797 63 829 709 353 785 782 885 923 690 592 673 1000 950 360 339 983 600 664 985 930
570 875 256 789 609 247 480 53 895 280 498 856 252 417 34 453 981 884 464 728 259 927 183 561 129 988 507 357 466 589 83 394 739 152 988 991 108 875 753 993 808 247 415 114 7 568 356 669 940 554 870 638 961 948 168 241 841 227 327 518 879 719 130 252 350 803 968 922 598 14 700 641 59 288 812 546 253 124 605 444 431 411 150 705 22 863 170 838 927 525 921 144 570 510 789 503 817 57 30 620 88 922 373 267 583 371 837 243 787 848 393 800 120 569 120 367 536 822 569 13 272 957 265 678 472 853 500 583 257 640 349 315 361 708 529 816 897 960 1000 711 827 65 52 26 362 102 943 790 816 801 590 506 198 532 375 921 984 203
192 468 697 170 856 73 228 89 226 38 35 912 31 477 871 423 599 644 373 619 411 377 780 959 747 761 929 431 948 72 587 787 282 383 984 815 165 179 358 790 347 426 76 586 304 120 976 261 185 858 757 441 912 450 284 786 897 360 74 579 510 627 121 790 235 17 360 578 260 787 9 901 556 527 475 619 299 510 754 90 578 924 941 582 813 679 683 755 353 818 266 944 527 416 409 27 270 126 425 774 590 429 317 873 138 761 443 767 195 226 328 774 369 838 272 889 785 233 231 135 889 794 793 720 763 530 732 205 402 129 25 365 53 449 625 153 520 27 333 197 8 116 961 776 427 534 840 531 921 450 634 798 628 639 849 675 188 120
596 316 344 628 472 564 781 710 751 165 418 127 125 905 133 928 458 891 332 45 189 789 182 898 358 670 844 502 813 450 761 631 801 631 661 198 149 918 665 430 626 235 607 862 705 112 227 144 979 4 84 914 374 878 180 858 244 657 341 779 99 170 291 255 743 822 410 192 30 640 112 186 648 418 757 852 288 229 990 673 100 598 490 183 456 964 384 105 14 59 950 640 335 457 753 120 783 760 879 953 453 625 570 82 204 927 108 271 990 130 255 276 61 558 938 471 743 300 453 606 23 975 644 299 696 45 681 527 119 808 549 268 801 875 868 408 493 886 924 492 90 53 874 697 496 99 126 245 761 247 819 617 67 871 520 763 679 720
149 465 415 89 656 422 744 130 764 249 707 711 719 245 853 573 7 814 457 82 417 451 679 290 840 926 282 857 82 154 755 517 763 464 257 399 111 116 304 890 557 863 342 102 304 677 287 805 406 689 341 675 695 868 83 822 417 400 272 698 177 76 549 183 78 777 221 249 432 1 368 376 226 464 294 962 672 731 707 253 353 585 97 284 292 489 202 943 77 791 818 114 208 131 191 370 710 181 607 519 5 932 455 978 380 759 469 178 66 973 612 221 140 297 384 812 613 791 879 323 49 836 621 677 919 948 932 913 618 378 454 575 780 305 977 807 156 125 344 183 520 563 109 762 262 265 39 24 36 809 635 280 513 975 570 730 714 805
243 100 328 583 282 319 840 171 616 236 661 880 141 537 995 496 375 986 935 329 762 451 217 78 10 91 827 28 316 918 57 170 513 817 395 992 452 159 972 8 142 224 210 174 327 353 230 3 866 247 262 52 522 85 58 317 687 274 717 654 907 261 952 58 608 422 106 143 369 375 11 573 685 585 594 665 564 188 596 942 276 132 35 517 285 977 620 614 720 615 502 34 431 559 491 168 519 43 103 706 323 721 168 668 188 680 961 508 123 537 75 541 904 963 315 10 584 225 564 931 678 214 455 392 348 807 142 379 769 578 760 51 961 232 974 586 212 22 398 953 782 501 643 697 317 463 993 976 184 18 779 236 750 760 515 40 423 911
465 992 432 171 872 867 511 523 592 380 319 307 998 76 473 765 741 97 397 60 924 884 179 726 399 915 165 246 730 991 883 885 145 221 856 885 643 830 643 214 355 290 27 700 744 700 22 722 481 491 586 173 168 525 3 455 812 510 422 432 479 453 343 153 131 535 141 14 321 748 310 85 728 427 515 942 468 971 360 706 796 138 791 578 96 809 670 507 196 661 200 935 288 252 968 962 339 685 433 937 47 167 333 335 607 880 897 838 649 79 2 772 599 542 578 253 455 225 183 666 574 244 998 309 696 119 78 743 408 378 461 445 389 534 80 720 537 12 566 245 164 425 64 439 703 980 663 922 993 73 12 543 191 813 742 407 948 357
747 79 318 323 688 226 970 601 503 777 562 121 624 989 404 586 15 768 854 644 331 275 346 129 838 298 744 587 616 250 649 976 613 125 920 207 698 50 772 138 191 378 893 278 685 70 149 846 351 133 679 344 197 98 972 207 997 836 935 376 131 814 253 172 440 446 341 832 395 266 36 360 170 702 188 746 391 91 214 626 883 590 70 540 881 942 686 645 479 245 778 869 453 507 118 719 775 705 308 490 246 12 222 829 311 777 297 367 669 675 873 501 832 988 331 240 790 845 500 128 102 77 142 569 878 411 31 571 260 367 168 692 906 813 456 813 556 196 92 606 764 469 20 345 834 553 435 354 796 381 381 363 577 723 583 865 848 817
878 481 935 35 309 734 160 981 657 333 376 268 620 77 99 771 950 275 136 566 327 424 84 138 865 132 45 71 444 271 482 730 999 29 212 824 217 611 258 656 858 144 613 399 750 219 568 939 891 693 304 731 808 469 938 562 169 744 745 890 646 640 517 574 831 44 481 61 629 690 176 73 698 815 543 628 860 839 607 77 116 419 329 781 96 427 543 589 315 271 835 364 506 278 780 30 479 86 318 157 330 860 531 305 268 911 942 65 567 727 305 330 230 431 372 964 208 988 412 475 95 77 12 273 184 85 850 298 195 836 452 650 39 232 513 431 504 963 668 691 253 744 605 25 453 710 385 744 166 244 248 433 564 167 430 567 112 487
722 824 276 34 779 931 700 691 275 625 718 784 408 456 377 169 507 810 2 321 755 566 95 79 298 543 998 927 566 141 879 965 719 158 615 442 644 951 609 947 127 651 603 513 522 951 671 121 108 382 212 374 635 428 406 248 601 827 78 724 355 205 485 804 137 844 198 712 362 509 904 201 730 911 548 433 88 489 12 444 495 637 275 653 583 654 404 88 778 717 787 98 35 935 593 255 791 43 402 527 646 188 277 34 972 918 910 1 138 482 1000 362 708 388 784 974 586 614 867 573 9 75 874 39 239 146 364 489 137 8 585 31 457 816 490 781 180 818 173 184 554 603 898 669 476 108 191 994 454 560 843 8 83 723 619 437 199 907
897 618 928 756 278 212 912 751 669 299 268 633 569 406 748 387 951 218 753 134 291 542 636 546 95 700 750 653 261 785 756 801 818 500 972 809 370 766 729 475 509 82 269 433 592 571 13 725 102 130 14 434 655 273 83 116 567 922 12 404 52 968 328 991 857 639 332 818 879 45 430 908 403 128 916 876 641 332 911 961 696 886 403 509 336 566 501 267 433 541 602 364 437 862 149 404 395 707 114 711 873 36 545 403 261 960 90 994 175 431 250 801 334 670 324 869 362 307 768 821 95 863 447 159 190 36 374 981 228 917 790 662 887 408 605 724 266 187 220 374 499 909 107 597 250 415 981 884 751 275 373 404 67 765 149 75 380 7
255 349 12 385 310 362 890 590 775 450 32 456 549 793 393 810 865 58 33 983 710 327 978 391 934 614 776 535 621 823 931 103 433 621 290 271 814 48 204 51 663 999 405 967 997 692 983 162 237 865 127 81 334 461 722 352 277 119 628 114 616 744 413 251 936 894 185 625 602 68 873 784 987 72 296 398 310 56 312 3 311 227 626 410 305 772 350 479 95 469 625 355 610 427 114 130 51 278 459 944 996 58 684 323 585 993 902 83 107 108 533 27 737 925 611 936 261 923 63 21 266 991 375 510 748 172 918 614 621 306 566 616 497 291 318 616 798 564 858 261 587 421 982 586 55 476 182 85 512 131 704 397 490 195 132 63 689 439
820 862 651 954 824 984 562 224 993 475 850 895 831 23 25 638 606 976 797 510 331 502 128 409 235 939 667 178 476 700 417 519 221 70 125 654 675 534 955 440 750 414 534 950 948 442 175 307 49 215 46 941 587 884 499 883 495 8 20 77 974 994 889 44 701 552 408 110 778 284 208 790 300 36 687 449 992 883 789 396 427 407 719 829 37 850 208 831 780 606 708 203 751 454 417 54 629 562 165 668 347 771 362 417 486 276 539 820 209 500 303 109 472 958 677 520 898 347 220 692 290 736 377 377 111 608 291 981 389 521 176 562 785 491 707 834 109 618 43 667 76 765 499 354 167 635 683 324 989 918 309 658 892 921 616 736 240 540
88 267 227 289 326 302 428 188 871 503 12 364 467 242 945 456 665 188 928 658 182 110 146 187 780 624 140 502 965 806 951 538 683 80 291 757 74 336 560 698 900 839 917 68 902 619 975 158 726 976 572 708 634 687 21 317 857 729 812 489 898 884 169 957 782 454 506 660 134 963 526 821 507 551 37 411 869 406 619 800 422 546 21 750 503 303 691 233 972 192 564 413 609 362 150 423 4 550 790 934 19 480 161 116 710 522 369 986 293 710 306 405 25 849 286 833 502 504 104 23 226 127 791 438 955 48 157 52 405 873 417 59 927 396 722 1 128 197 32 74 457 89 859 954 173 675 966 228 470 438 953 513 717 750 591 455 25 116
396 673 841 42 800 152 293 25 413 355 95 162 138 787 467 564 911 91 992 666 44 824 271 513 613 549 919 298 76 957 895 924 97 347 568 945 388 236 173 75 439 758 415 242 741 661 97 956 475 697 657 415 211 146 503 940 986 471 778 163 437 491 88 23 140 210 72 787 969 175 547 20 860 412 290 264 338 353 209 694 530 34 689 91 749 727 357 971 7 317 580 253 836 859 287 111 579 347 668 594 527 761 737 774 909 381 255 838 756 961 411 639 683 658 630 372 599 883 105 43 331 934 531 708 923 187 913 216 297 108 717 695 156 744 384 676 289 940 739 995 937 945 134 737 46 546 17 732 54 270 915 343 686 500 861 436 619 339
776 268 957 165 871 647 182 807 663 507 76 145 75 250 810 708 84 986 193 101 497 575 904 248 655 461 1000 82 781 567 899 977 452 205 283 804 598 680 223 486 493 438 646 800 854 863 62 559 190 28 242 839 718 353 416 880 823 124 313 864 757 352 611 94 435 6 584 828 200 572 730 564 173 53 195 518 467 667 361 950 92 552 761 591 716 434 425 503 923 27 331 480 637 455 101 997 115 680 747 292 670 797 904 915 35 840 685 282 507 743 197 127 878 385 156 77 857 970 143 773 842 895 760 194 248 123 219 522 302 921 160 6 986 171 112 253 957 73 28 996 562 343 722 216 665 464 443 687 175 62 25 723 787 247 910 350 712 341
179 175 89 416 926 178 796 678 944 545 524 460 773 441 500 880 96 561 2 173 692 118 339 510 124 81 473 545 446 620 208 623 194 14 127 402 136 928 942 30 545 606 439 492 495 685 638 8 103 481 159 963 762 763 478 781 509 108 729 540 576 520 843 967 824 74 753 254 312 713 362 902 779 503 862 612 178 617 935 979 625 556 380 368 325 939 569 293 258 779 327 582 214 899 260 4 908 713 349 52 536 312 805 9 242 484 799 506 826 337 346 200 511 455 932 301 727 569 754 390 579 387 263 969 446 336 424 973 7 716 119 75 108 95 259 95 87 919 817 779 462 181 402 164 531 798 217 231 14 41 448 971 133 788 771 198 199 982
678 575 44 168 425 856 585 837 922 717 204 173 217 334 825 335 441 274 612 26 33 790 206 84 383 79 724 347 308 763 743 23 88 235 991 353 551 132 931 751 777 488 797 429 367 812 606 709 60 419 666 3 790 674 856 820 26 183 736 594 66 800 657 281 219 593 543 655 436 736 450 204 192 444 813 905 736 961 31 866 658 946 941 730 730 506 219 876 666 876 915 479 550 670 565 368 707 182 900 652 442 857 344 553 970 709 207 792 651 872 581 211 771 670 922 895 664 193 807 746 45 426 56 705 109 962 717 498 187 745 517 763 997 180 81 85 525 560 186 804 80 769 439 837 803 998 866 72 117 860 857 848 676 839 668 383 328 137
151 638 343 121 862 969 505 325 464 730 312 904 167 360 360 643 624 769 332 270 207 339 649 945 504 698 117 908 205 594 496 469 784 53 173 873 76 891 347 27 283 571 145 79 336 313 54 951 299 932 996 496 4 931 712 127 147 469 752 750 349 642 80 35 959 195 171 89 673 184 830 298 681 710 797 628 139 814 211 538 206 404 23 61 35 122 165 662 995 150 839 609 428 202 235 926 239 626 187 525 726 960 127 485 572 198 587 142 607 422 497 945 155 450 605 220 642 816 483 169 786 885 777 40 394 59 695 75 456 885 967 846 512 69 560 186 910 629 354 974 571 625 345 321 362 849 977 113 667 388 979 45 577 520 658 669 108 974
879 233 137 870 434 457 945 719 330 544 200 964 766 911 404 162 913 734 85 113 330 629 776 355 19 844 359 971 470 644 683 636 349 216 913 817 383 492 199 932 917 194 266 831 528 599 569 496 649 203 69 784 428 99 410 394 427 324 368 921 286 321 536 199 865 792 727 315 989 803 82 272 775 370 400 59 193 408 747 529 198 851 168 925 671 568 565 638 716 863 640 645 920 344 838 248 644 461 155 371 819 67 128 838 24 734 617 772 609 428 309 524 807 189 1000 18 369 107 143 278 71 72 213 803 992 363 826 759 227 11 83 243 940 308 562 869 579 751 900 694 198 83 374 837 107 618 537 835 422 827 307 726 773 552 939 945 279 635
234 207 264 778 341 300 380 68 485 603 300 371 122 772 652 976 412 126 177 461 848 739 913 299 528 123 200 655 550 56 583 620 663 522 681 645 301 582 68 711 953 471 476 481 215 20 500 25 278 574 208 278 340 908 593 143 356 637 991 726 458 667 509 852 240 930 619 770 997 94 680 528 692 981 872 114 323 500 896 298 476 411 227 162 125 981 614 265 754 67 818 770 992 60 512 686 951 138 220 973 473 757 692 721 800 414 489 776 93 528 671 433 905 830 494 390 319 173 474 285 405 411 368 510 808 645 370 336 140 183 22 608 703 283 769 930 15 756 638 918 662 955 899 272 182 981 909 739 34 959 285 411 839 43 235 715 502 330
362 384 370 611 281 921 856 641 136 677 156 399 823 712 559 999 224 498 57 101 764 30 381 808 368 870 917 621 927 266 792 688 650 528 251 223 623 113 144 752 128 982 329 292 283 972 846 827 43 356 322 465 42 441 491 79 165 64 689 979 577 149 92 225 794 584 748 284 696 649 188 841 670 188 513 384 550 910 752 357 199 77 304 838 53 597 3 650 51 265 728 278 641 672 686 349 193 475 635 946 241 947 911 263 683 185 476 37 818 829 911 844 496 149 747 561 420 742 745 866 250 582 707 197 596 998 23 637 800 191 228 896 151 331 442 87 524 371 222 578 586 21 163 95 243 744 204 582 718 924 52 979 555 338 216 229 227 345
613 791 758 98 598 773 603 824 252 592 443 176 278 801 770 687 594 661 824 606 664 713 447 891 457 907 252 10 285 166 597 518 305 908 162 834 543 636 524 62 493 338 673 841 791 29 449 129 304 734 979 666 914 677 784 355 175 566 473 220 689 621 136 233 85 102 112 655 462 949 352 487 986 767 381 565 168 300 984 33 619 449 476 109 541 189 878 434 975 186 842 598 938 49 148 732 671 490 483 497 756 37 336 506 377 234 58 571 766 758 226 871 683 369 669 634 629 377 214 54 79 4 528 609 663 552 894 39 808 662 777 903 113 97 305 216 525 53 639 300 589 866 664 658 522 146 909 576 662 390 901 230 880 277 504 208 608 631
993 284 582 54 573 289 552 885 900 479 942 582 320 893 436 463 45 314 346 692 733 758 290 12 292 783 217 488 751 151 78 776 786 175 751 549 577 559 1000 543 168 501 559 34 852 247 466 306 997 641 468 70 86 981 965 636 896 263 475 725 437 756 960 609 570 762 653 196 327 209 388 923 206 469 220 406 999 322 684 159 435 926 418 99 762 390 448 505 230 584 707 682 152 11 81 71 714 211 779 708 514 910 420 533 522 359 388 947 471 17 456 467 39 541 886 35 298 518 712 314 300 23 436 52 283 249 224 159 562 218 519 183 456 532 645 924 1 768 604 404 940 132 582 496 306 822 855 421 462 410 800 24 425 155 177 964 278 903
409 198 979 177 366 424 530 112 454 488 118 962 761 95 194 324 851 712 561 128 940 59 621 530 578 572 37 401 865 551 598 631 868 866 716 522 430 63 736 346 134 499 939 404 650 580 533 935 453 894 595 878 357 979 146 865 291 241 937 38 183 545 288 903 358 352 954 690 289 584 815 867 604 708 973 636 376 817 841 276 182 835 188 618 980 870 688 660 29 44 436 863 778 192 855 552 895 260 112 929 274 596 834 519 397 447 775 29 706 1 976 175 339 393 995 399 132 642 286 435 985 323 614 370 455 609 935 426 96 412 587 712 971 172 936 400 21 100 594 383 2 532 131 679 857 220 130 614 256 980 898 677 295 787 918 724 461 649
475 848 49 268 739 485 151 142 210 711 618 151 348 347 165 313 488 672 569 212 855 808 738 537 452 854 347 589 897 73 27 232 348 377 9 629 451 568 377 800 956 557 748 855 644 771 430 894 965 185 632 345 504 929 368 771 598 468 295 470 867 759 885 398 296 919 125 799 143 301 43 752 67 366 393 752 219 594 509 982 545 992 934 432 898 347 847 572 470 119 977 923 381 956 487 682 34 324 718 570 291 423 816 420 42 920 800 500 896 752 153 774 902 154 611 298 148 873 398 609 442 714 280 750 814 230 556 615 384 53 288 319 838 847 849 336 792 925 251 475 476 813 224 529 166 910 143 95 611 207 613 337 624 733 564 655 616 537
186 269 374 16 611 32 619 111 832 37 272 427 851 638 528 522 610 845 275 687 379 855 262 13 401 760 114 250 900 391 329 497 72 759 283 934 342 14 394 849 866 460 30 888 749 487 851 631 581 672 960 229 610 856 324 254 591 404 412 174 169 734 291 611 374 236 686 884 608 735 436 237 430 248 242 145 785 282 150 288 328 368 706 458 538 662 782 130 963 240 142 119 366 97 382 981 978 195 212 808 695 620 434 154 130 413 539 185 111 509 107 919 751 216 653 333 949 811 419 133 728 238 437 583 954 366 565 998 336 22 289 745 706 122 931 623 421 476 515 275 314 956 206 389 302 616 378 143 752 146 17 28 696 166 833 949 639 598
470 664 61 587 876 409 214 24 82 625 763 48 355 896 778 778 774 395 879 342 786 224 522 428 206 172 860 548 332 642 497 67 558 971 308 896 593 622 920 514 146 642 271 842 522 39 740 768 804 623 434 83 590 683 32 120 585 670 350 855 952 135 730 189 527 578 52 418 724 125 848 305 736 900 630 458 21 16 969 851 893 828 114 867 857 336 663 3 513 65 481 928 305 642 971 719 154 419 925 579 955 764 542 777 696 636 244 297 659 111 669 923 225 405 321 399 314 748 812 472 820 486 385 613 11 522 168 811 63 414 603 28 7 120 724 477 791 198 704 642 725 118 30 414 122 727 244 29 172 434 718 423 142 608 240 754 422 149
489 966 325 739 982 560 31 708 430 273 93 55 82 45 259 799 403 805 15 198 889 286 770 316 977 756 654 203 94 371 223 890 232 145 336 521 586 102 50 911 279 632 10 36 729 317 431 810 514 757 475 178 605 86 811 607 478 283 977 163 335 563 264 649 536 293 28 42 80 537 345 932 770 564 358 790 27 700 600 545 188 892 839 956 398 351 643 898 282 960 897 171 106 370 571 927 79 732 898 651 356 634 352 121 354 508 959 732 636 413 395 780 352 14 164 642 48 362 609 819 571 473 722 395 937 396 460 480 92 250 480 153 293 416 137 898 902 611 424 109 163 824 190 720 648 946 783 45 262 486 609 378 252 518 532 494 414 118
282 27 547 705 719 761 596 159 531 863 800 465 425 942 474 742 389 256 145 687 608 903 682 836 834 514 945 269 93 736 463 89 401 473 93 2 147 28 595 506 823 400 888 804 290 888 506 419 843 318 630 840 99 439 298 759 563 111 969 85 413 401 553 275 554 757 176 434 517 294 726 572 853 656 283 868 395 29 589 33 137 127 445 427 637 192 4 903 214 825 435 817 262 465 445 692 341 586 51 185 490 801 253 755 114 763 409 443 323 578 423 270 780 69 337 585 773 86 626 788 733 262 745 451 912 34 381 511 765 131 534 233 558 461 699 606 200 962 920 542 194 485 490 186 462 569 905 393 733 115 601 896 753 271 118 770 325 745
214 885 792 931 823 2 84 517 919 394 341 148 206 531 192 442 295 389 263 980 15 512 215 760 931 731 151 427 884 463 644 613 824 397 41 734 90 192 730 120 458 157 970 325 893 981 903 854 337 610 600 570 853 340 790 194 92 864 780 174 607 768 513 55 916 419 600 927 347 626 824 20 653 641 834 668 159 610 543 248 513 753 725 676 552 738 109 908 589 248 982 614 115 619 984 995 430 975 764 110 82 888 941 10 993 644 804 969 226 215 355 658 924 180 790 770 279 544 12 333 613 718 221 358 557 438 46 17 906 135 637 396 506 121 522 983 99 247 110 221 793 89 101 922 893 665 115 142 821 187 783 898 580 114 323 261 171 636
472 480 250 958 121 814 146 851 969 902 521 81 804 811 504 813 8 370 104 178 433 214 25 224 55 178 437 245 371 206 224 773 108 253 140 875 299 912 160 652 639 563 289 179 499 768 606 467 528 636 488 145 49 41 177 74 40 41 545 735 59 371 325 20 559 312 938 999 758 242 171 211 120 705 917 818 819 638 765 247 588 460 433 942 155 522 988 716 495 445 497 836 853 509 363 553 953 772 905 752 671 714 417 517 224 204 42 1000 327 73 184 780 110 220 353 344 343 117 349 615 981 950 161 12 270 652 974 456 425 404 946 358 236 772 155 597 977 31 207 691 543 854 274 494 575 803 968 361 709 231 166 634 375 703 883 548 893 401
569 68 45 894 28 876 501 632 306 621 53 986 946 492 536 766 448 986 569 393 669 447 400 618 327 528 624 977 649 582 890 586 278 727 933 623 402 395 89 988 826 483 550 96 523 656 391 430 891 942 511 823 179 749 901 32 631 51 724 514 273 14 231 327 334 228 620 15 576 497 564 624 720 260 604 699 676 204 248 592 271 133 182 718 202 359 240 463 724 54 991 573 573 525 473 320 523 364 252 878 210 881 581 916 555 28 281 485 560 186 761 486 320 768 22 32 446 738 857 705 976 348 577 471 808 98 848 641 737 457 549 399 968 932 369 177 363 751 447 120 895 168 59 637 956 355 774 451 470 896 988 617 360 398 498 790 748 152
793 5 695 927 477 887 69 622 246 623 253 427 293 679 349 494 875 332 953 34 237 872 994 459 64 551 90 923 789 451 905 52 105 360 810 526 212 122 628 653 920 150 556 405 488 430 212 462 93 996 303 73 228 116 86 146 36 184 791 761 728 810 202 409 163 846 882 905 300 297 404 151 80 949 371 201 743 864 161 122 931 887 692 741 342 191 551 722 198 550 297 256 779 415 995 230 945 893 543 743 431 972 466 668 494 892 114 77 978 489 827 91 551 247 239 565 999 329 646 61 304 715 42 584 446 472 829 730 481 479 875 620 32 778 347 983 638 164 915 230 883 41 772 238 385 696 185 303 391 990 783 775 800 235 711 517 311 867
158 360 910 22 782 535 104 8 423 140 635 304 168 912 35 887 344 697 289 477 79 925 513 992 209 115 765 159 195 167 339 546 279 337 673 250 124 51 863 431 278 158 530 580 759 76 658 249 106 58 792 909 902 247 175 375 35 379 542 321 662 677 595 338 591 421 759 300 969 396 509 358 583 541 403 130 644 205 93 204 913 942 497 406 693 923 555 559 399 315 601 98 514 113 684 944 374 916 884 234 680 484 79 973 622 540 851 915 341 382 639 976 661 361 322 220 729 162 571 71 465 791 5 325 549 331 478 714 152 788 667 681 869 171 901 475 172 529 94 555 314 746 742 992 177 819 392 517 398 217 512 535 749 431 676 399 325 42
960 919 839 13 223 152 663 548 918 657 905 632 134 930 942 710 72 254 704 799 878 945 605 783 789 112 374 977 695 79 680 461 688 411 252 406 631 30 763 707 789 128 314 100 681 158 410 303 931 257 990 464 777 87 63 608 417 47 309 449 839 578 739 769 529 120 705 49 619 511 39 315 919 662 914 444 440 211 115 437 99 453 982 446 754 651 344 616 352 792 842 36 113 283 834 745 486 998 290 42 322 91 981 204 707 660 282 507 243 180 918 511 558 838 602 156 70 260 912 30 207 186 46 762 145 624 375 625 18 754 928 480 752 271 218 954 885 192 442 377 786 467 626 582 396 545 976 350 358 503 832 152 493 67 412 383 967 204
64 463 145 473 322 963 49 558 995 430 86 192 589 704 198 882 493 907 287 982 152 415 608 511 991 346 554 320 282 196 374 593 814 486 936 263 790 243 282 746 84 520 436 379 370 23 638 711 976 305 638 78 395 524 680 216 402 551 1000 657 417 875 622 98 406 232 526 752 946 50 885 683 516 702 584 985 980 524 51 935 646 275 604 949 452 514 150 542 903 695 881 265 96 101 1 454 373 341 626 699 816 906 547 814 161 442 269 817 28 440 93 556 16 831 588 396 159 752 561 466 528 575 515 825 654 791 58 979 960 717 343 720 797 475 799 689 872 948 465 760 701 143 327 645 738 632 671 624 126 987 180 906 568 236 512 606 687 282
309 898 314 252 987 30 539 200 77 290 528 427 579 501 848 782 486 128 437 811 280 95 503 309 22 675 505 205 848 34 52 820 153 364 3 565 237 805 85 211 408 209 392 449 827 841 246 545 307 353 394 659 766 325 295 801 89 1 104 838 792 584 15 147 86 547 417 329 419 691 402 551 448 675 351 979 506 675 91 482 571 465 201 311 745 31 169 130 525 594 340 49 366 849 850 60 808 259 444 33 979 108 553 878 591 545 554 431 108 235 744 434 652 895 130 122 314 100 507 910 402 654 690 232 288 548 603 739 987 902 735 342 868 64 472 153 511 194 938 595 39 436 917 650 127 670 706 839 688 401 977 266 263 278 351 703 849 347
468 704 487 167 890 588 488 67 845 761 115 520 666 279 489 979 617 481 566 25 207 15 346 52 770 991 854 935 104 503 362 69 812 990 394 680 376 172 12 715 585 446 708 185 521 381 827 568 871 128 483 87 967 803 71 913 642 775 159 318 151 14 568 236 1000 378 821 744 362 609 943 607 583 629 195 537 553 361 838 209 124 590 990 143 395 176 228 95 270 252 90 990 271 821 628 140 869 709 837 516 150 995 447 800 269 467 570 175 200 568 451 888 201 350 766 252 374 721 496 528 300 806 18 31 140 184 189 952 824 968 157 454 220 456 70 658 390 58 597 119 210 499 842 669 217 644 750 806 949 262 202 779 48 911 894 396 505 474
229 946 88 984 277 618 142 633 436 774 814 156 975 300 792 527 861 455 267 108 606 203 532 109 107 829 508 652 440 635 796 61 151 553 791 925 343 179 739 681 76 490 101 261 697 922 550 211 893 705 838 268 223 351 721 350 945 687 874 534 566 768 199 2 447 871 272 450 864 766 429 871 933 577 491 770 644 848 630 432 19 678 376 929 269 827 168 687 83 578 231 37 750 36 867 958 145 552 891 338 160 40 199 908 553 103 789 896 525 931 427 552 722 48 157 163 89 28 321 746 803 344 364 333 352 997 654 199 926 720 432 634 118 200 149 147 712 598 801 251 328 263 258 848 722 746 537 329 810 469 911 819 519 314 882 526 925 299
501 939 565 109 958 642 489 429 262 347 773 605 265 496 611 83 110 685 988 882 875 931 758 370 243 153 538 917 565 679 164 280 758 154 229 463 319 212 805 836 237 964 143 44 732 409 807 809 282 71 232 230 699 367 71 180 494 899 303 731 636 567 952 852 15 850 572 618 987 462 404 486 893 325 964 112 286 192 149 274 258 45 549 580 15 399 823 208 605 504 759 786 692 733 520 719 165 540 52 231 910 134 596 450 869 644 776 754 250 704 844 434 775 398 26 143 42 950 812 242 286 996 876 235 352 91 734 267 447 489 305 647 214 183 303 380 893 390 785 718 524 541 131 291 348 260 527 905 197 933 771 443 480 85 78 667 276 275
762 514 486 900 863 63 411 467 855 557 886 211 410 847 713 49 148 140 240 783 187 209 506 320 382 603 288 550 525 150 193 352 778 950 264 185 478 130 214 23 956 20 318 624 251 762 884 752 402 456 381 547 512 494 283 447 723 1 127 728 115 829 748 813 781 500 520 950 729 154 455 129 964 798 203 765 80 786 811 571 174 165 182 572 403 779 425 493 199 493 454 731 980 398 537 82 8 699 679 368 828 859 401 616 193 545 959 250 149 316 144 7 443 852 161 418 554 350 577 364 70 47 357 981 657 475 878 334 617 247 735 520 198 885 410 242 303 23 443 519 14 837 560 426 873 385 32 819 304 100 110 612 425 756 694 23 152 89
468 526 141 869 374 847 959 975 661 617 266 459 706 531 547 751 803 649 28 434 84 514 831 82 329 838 318 246 260 147 956 995 13 634 803 411 906 521 119 66 875 538 684 911 872 128 302 829 375 422 559 844 542 940 308 603 927 792 550 389 471 746 206 390 92 526 121 242 778 852 957 405 189 134 353 157 7 465 906 574 964 82 547 632 785 860 621 454 180 730 148 526 830 204 310 987 252 210 403 842 839 424 497 899 76 433 707 779 116 806 907 910 770 597 12 282 901 679 762 541 897 624 175 1000 812 876 855 614 633 414 749 751 718 693 809 198 608 546 639 743 342 586 976 589 18 586 955 71 351 368 685 510 790 621 943 271 109 148
487 596 528 747 14 466 261 480 560 365 284 411 920 922 883 398 21 894 817 172 451 273 335 304 891 234 477 109 531 545 284 252 291 276 667 947 96 674 975 267 112 79 793 391 186 208 654 16 752 519 222 455 1 48 976 668 805 190 568 211 144 652 243 426 819 994 291 645 185 255 167 832 204 408 836 944 154 139 540 890 121 547 116 513 791 422 888 879 906 818 943 156 226 717 544 428 20 22 615 223 915 695 190 583 219 45 419 304 966 279 531 681 20 369 590 188 361 670 942 560 887 929 405 660 475 653 132 189 743 705 110 432 383 24 770 237 325 532 866 280 14 170 500 359 150 48 149 676 29 684 231 357 780 879 504 377 443 830
93 213 672 468 895 254 111 912 564 727 17 386 820 78 224 984 48 415 582 143 553 157 949 385 525 946 4 428 364 586 747 169 491 709 858 14 408 244 130 839 407 855 350 828 485 30 929 260 665 65 76 766 529 516 228 861 144 831 307 706 782 493 461 208 455 589 608 672 806 285 227 17 59 237 716 392 214 48 184 436 835 4 337 335 849 311 227 623 838 67 534 135 509 11 721 937 88 218 57 659 743 673 686 666 518 224 866 450 590 284 942 498 355 687 77 602 902 798 705 680 344 116 295 925 973 959 388 879 421 363 502 697 483 403 339 901 851 591 569 547 98 263 528 546 44 855 811 189 814 171 878 480 281 123 51 40 152 264
784 637 663 403 221 845 246 953 140 789 748 525 272 123 720 339 416 811 11 91 39 254 360 556 437 372 74 607 787 99 128 421 638 101 950 51 535 208 506 80 980 957 970 927 653 66 19 224 921 254 680 939 67 405 826 932 489 118 569 986 283 599 202 407 230 453 858 475 459 247 117 143 109 345 881 729 949 985 991 655 77 280 715 472 229 316 64 721 10 990 801 234 224 700 913 133 105 155 834 943 855 393 575 39 927 786 964 944 629 750 638 850 873 714 444 968 142 439 191 19 422 153 514 914 40 741 147 579 586 172 53 414 669 367 493 915 902 658 976 339 315 792 299 2 612 233 519 703 617 153 584 708 213 224 350 240 595 723
451 185 885 582 87 319 108 224 589 366 717 723 52 519 91 13 118 981 52 598 117 495 756 378 778 805 899 987 103 981 468 105 500 862 234 79 156 143 741 906 437 456 883 690 571 399 714 310 996 40 644 584 155 132 431 643 243 574 745 17 629 74 989 936 211 735 505 576 623 611 997 468 560 788 248 886 740 515 171 392 756 64 480 600 530 359 977 996 683 455 258 408 668 36 406 555 54 691 915 787 229 57 66 5 798 39 677 76 553 776 441 57 362 888 960 859 883 847 969 19 83 229 363 326 975 394 812 354 79 674 284 990 720 616 457 173 187 84 934 933 677 546 131 846 70 475 755 120 779 377 310 895 296 306 447 797 408 239
171 205 374 208 459 836 264 427 319 994 37 903 735 543 763 220 261 77 758 584 15 441 715 866 482 64 188 429 212 876 231 515 39 156 827 319 131 466 271 2 296 145 309 36 17 498 609 253 60 895 620 40 679 430 37 643 972 694 196 238 508 465 397 489 565 797 559 607 566 924 198 958 978 827 136 526 308 946 957 647 210 906 212 131 599 303 448 607 671 331 659 963 814 545 268 887 180 363 14 531 912 952 70 989 470 771 282 881 58 631 863 498 971 823 143 62 510 471 145 716 406 200 22 258 471 990 133 625 319 16 973 576 749 19 492 34 976 71 117 99 158 185 617 343 192 105 802 46 421 572 462 403 931 594 330 914 392 84
