20 20
10 0 4 7 8 10 11 14 15 16 19 38.663175 -33.483139 40.981393 99.042691 88.657250 -70.247082 -25.887186 -59.583876 -2.172133 -68.745024 
11 0 1 2 3 4 6 7 8 11 13 19 11.931424 83.851265 -18.865507 -96.461287 -79.020043 89.614559 -45.534389 2.828450 -12.313766 90.242061 -20.813751 
14 0 1 3 4 5 7 9 10 12 13 16 17 18 19 -2.646471 -20.101497 -91.565076 -97.771295 57.606282 69.342995 28.009381 47.055165 -76.524819 20.802630 -7.403281 -58.191613 22.103050 36.879349 
12 0 1 4 5 6 9 12 13 15 16 17 19 7.975853 72.460599 40.051637 -50.552988 28.826617 11.549757 -44.342437 -16.407815 14.221441 52.214624 -20.932439 36.153748 
9 1 2 3 5 6 9 10 14 18 11.584432 4.217516 -79.821346 -78.372922 23.499641 87.511889 -7.523462 91.952885 57.069099 
8 0 6 11 13 14 16 18 19 10.847148 -25.724541 -53.798751 61.054186 -42.732821 -69.059333 28.122171 -20.534267 
8 1 4 5 6 7 8 12 17 -25.008172 -59.136688 84.616428 8.206130 -94.373107 83.028608 33.119890 28.195130 
5 3 5 10 14 18 -14.057272 -38.646684 87.594995 41.854953 -74.131534 
8 1 2 3 5 8 14 15 16 -41.812657 64.765386 -23.726074 -87.392411 27.614471 47.031870 -45.564401 54.423513 
6 2 4 7 9 12 19 86.924072 -50.817880 -13.690928 -81.002044 -8.107801 -0.702578 
6 0 2 8 11 16 19 -67.960400 -42.990049 -37.705319 61.809067 49.806659 35.723639 
6 0 6 7 11 17 18 -52.110480 -51.248222 -13.446069 -83.633803 31.871534 25.818228 
9 0 3 6 7 11 13 15 18 19 -70.275480 64.574390 -65.532921 72.241266 81.155282 -4.911963 87.741801 -63.760205 -76.062535 
8 0 3 4 5 6 10 18 19 -18.498545 -26.884521 23.190990 95.946117 27.964411 80.002658 -73.832319 41.928188 
7 0 7 12 15 16 17 18 40.274055 -65.980935 90.924751 -14.087745 98.612035 -36.973601 8.470572 
6 5 6 8 12 13 15 -58.559986 85.790943 -97.390187 -33.948596 61.055433 88.797457 
7 2 6 10 13 14 15 18 68.077656 36.031365 -1.811689 61.577122 -31.989960 -31.289341 -34.411354 
6 3 12 14 15 17 19 25.575576 48.549206 28.061653 61.481094 49.426598 -48.463025 
8 0 1 2 5 6 8 10 17 -53.805632 41.505460 3.804469 -21.007979 -57.842208 84.788431 -63.766802 45.196022 
6 7 9 12 13 18 19 -93.356366 -0.208646 -99.131477 -33.154384 -73.486482 64.205071 
