3000 1500
0 
0 
0 
0 
3 86 962 1117 65.704687 -97.321387 70.788724 
4 202 235 296 320 53.661609 19.431994 27.597433 -28.142047 
2 1256 1312 97.544921 30.940742 
0 
1 323 34.847504 
1 1043 98.774230 
3 785 800 1471 65.303997 -77.716664 -67.907496 
0 
3 475 972 1115 17.858139 -27.645514 49.522855 
2 564 639 -18.126127 -21.264951 
3 386 1139 1444 95.124162 5.954749 69.632154 
1 400 -94.813879 
3 9 68 576 -53.495661 -55.960447 53.914781 
0 
1 732 -83.084878 
1 684 -34.913209 
1 252 22.063456 
3 60 206 1316 5.887358 -92.947020 -95.914257 
2 979 1026 -82.530184 5.904949 
1 962 96.026462 
1 1366 -70.728817 
1 1234 68.003887 
0 
1 1176 75.380374 
3 171 675 996 75.960261 -51.994367 76.120181 
1 1006 -72.994769 
1 1126 53.239646 
0 
0 
0 
1 722 53.131697 
3 273 1005 1224 -96.014063 -8.502088 -99.056896 
3 196 392 1234 -15.443120 -74.718758 -98.379328 
2 1004 1126 32.003948 -25.922835 
2 860 1406 -28.127960 79.236457 
0 
2 524 1130 9.243870 87.021360 
0 
2 43 1111 75.445395 -72.613654 
2 411 834 45.374554 -69.229029 
1 1063 -41.461369 
1 594 20.204151 
3 369 1105 1327 -21.650860 -76.474999 -29.091552 
0 
0 
0 
2 339 1427 21.497891 25.974314 
0 
1 1378 -60.760867 
2 35 456 47.500382 23.828853 
2 967 1085 -72.605652 97.364734 
1 1287 0.488035 
2 417 863 90.421121 45.108117 
2 480 1024 84.973334 34.389596 
0 
1 578 89.884808 
3 792 997 1498 -70.566173 22.107076 56.578518 
2 49 1289 -68.824530 33.418526 
2 1009 1206 -69.019781 79.145543 
2 539 569 55.703178 -88.869737 
0 
1 1017 68.236416 
1 383 -40.659712 
1 1460 -95.561801 
3 535 1202 1483 -81.286963 -79.123035 83.873335 
1 757 -7.549835 
1 130 -34.827073 
1 1066 86.814755 
1 1256 81.135234 
3 41 548 1361 -97.544127 -98.164928 -97.651623 
2 42 92 -34.195984 86.675435 
4 117 1233 1317 1429 37.967440 -54.518691 82.078301 -37.748869 
3 641 924 1431 -79.238867 35.576852 -12.577260 
0 
0 
2 366 422 -57.193438 32.176199 
2 310 384 58.099256 -97.547691 
1 143 86.308699 
2 42 1369 71.257434 -11.515876 
2 729 1090 -63.761425 -69.144053 
2 258 1150 -81.098845 73.541385 
0 
2 957 1273 91.291009 -61.125803 
1 866 69.229199 
1 865 97.778189 
1 1175 -33.109397 
1 518 -79.571401 
1 551 -6.227736 
1 48 35.074923 
0 
1 1021 15.484432 
2 840 1300 -6.233112 51.215579 
1 1433 93.850815 
1 402 -40.524175 
3 22 388 913 90.310890 -77.665272 -0.693801 
1 560 -33.016270 
1 984 82.342356 
1 567 26.645868 
3 585 699 1344 38.762680 -62.751970 -23.272722 
1 1447 -29.471394 
1 732 -30.188255 
2 639 1213 30.395448 -52.725727 
2 19 1339 -29.429322 87.611377 
0 
1 371 -78.314580 
2 31 925 -90.093006 -33.767247 
2 935 1488 38.783615 83.511670 
1 509 70.822348 
1 733 -85.670746 
4 21 756 1010 1069 -51.828070 -78.688847 10.357022 81.667230 
1 677 -40.129062 
1 335 78.084377 
1 941 -29.636035 
1 630 -56.245161 
1 652 -91.206555 
0 
0 
0 
1 192 -12.440657 
0 
4 647 816 997 1193 -4.808043 -21.800729 33.726675 -23.126449 
3 686 859 1480 50.355645 2.201797 -12.472245 
2 209 1189 -90.412546 99.053471 
0 
3 391 558 1333 -36.070329 20.633604 3.110134 
2 53 472 96.982094 0.934638 
1 861 -76.233151 
3 881 1023 1287 -87.852286 6.248090 23.262384 
2 426 1055 49.659329 72.669636 
2 776 1421 27.600154 17.781984 
2 590 1495 -8.510507 6.510203 
1 518 41.394939 
3 12 1041 1117 95.612008 51.613464 50.331612 
3 1097 1305 1313 -27.449433 91.879337 -43.395171 
3 177 556 1279 -65.183691 -61.465238 -58.151597 
2 358 638 -26.949532 -4.637737 
1 633 -69.630411 
1 990 -83.920345 
2 64 791 -23.848324 -97.365646 
5 692 802 916 976 1254 81.419708 -90.693788 -51.432649 59.493659 91.373889 
0 
2 102 1436 -99.942395 75.123595 
2 1169 1196 57.472844 -10.355813 
1 733 -45.991431 
1 169 -55.587131 
0 
0 
4 227 1392 1498 1499 -60.207598 -9.025491 -36.330268 -13.543983 
2 470 567 97.676929 -26.723396 
2 999 1479 84.940374 25.648814 
1 175 -66.413963 
1 239 95.356761 
1 1400 32.169719 
2 501 735 12.475381 -26.179993 
0 
4 489 500 589 1317 0.736172 -50.692017 18.805339 95.149307 
1 924 -79.326709 
2 545 1176 -20.736418 -63.801218 
1 607 -64.113241 
1 395 68.708525 
2 883 964 30.620758 -34.737104 
0 
1 1269 -6.591099 
2 1007 1305 -27.350376 81.564230 
2 154 644 -50.753492 -82.981130 
0 
4 274 382 1122 1358 14.590001 83.956231 87.618153 -95.155000 
0 
2 402 536 -78.404094 -4.805386 
3 53 207 1395 98.278197 65.276733 15.162779 
0 
3 146 792 1157 31.032368 -59.141089 -40.550536 
0 
0 
2 188 1410 22.517198 1.196322 
1 1130 -10.873792 
1 1264 -80.967013 
2 601 775 -88.872170 27.786471 
4 97 968 1178 1204 -96.817507 51.293054 -88.617450 -22.804515 
2 328 1378 -69.562899 -14.130991 
1 384 21.464890 
0 
1 83 86.537725 
0 
0 
5 106 113 424 426 1334 -94.341675 70.513091 76.657009 -1.304879 14.599515 
1 842 -87.457285 
1 1307 47.516177 
2 883 1326 55.375263 19.903516 
1 1121 -38.292222 
1 616 -24.921625 
3 498 930 1032 -68.618949 67.739378 -70.610468 
4 466 965 1363 1491 74.273781 22.347229 98.022066 -3.651156 
2 567 782 45.311746 12.957126 
3 191 1226 1411 -55.036518 60.465119 83.634865 
1 1309 84.410664 
2 865 1002 86.409406 97.710352 
0 
1 1237 84.774718 
2 65 882 -53.089868 60.840344 
0 
0 
3 1084 1273 1363 -17.633416 -5.316659 86.050660 
3 335 732 755 10.985913 -68.394316 37.995882 
2 63 797 -21.882859 69.393978 
2 350 1427 8.087338 -4.075255 
0 
3 306 552 627 56.931155 -98.093465 61.436869 
1 338 -76.102403 
0 
0 
2 706 1346 -32.631862 -3.460510 
4 426 581 623 1307 79.798481 27.401936 22.714077 -94.831159 
1 1497 -6.924070 
3 202 550 718 38.789895 -95.709022 74.400098 
1 366 21.482983 
1 875 -23.698896 
1 260 -91.189295 
3 85 787 1124 -68.342028 20.918177 -65.326487 
1 89 86.046688 
3 97 1151 1154 57.568827 -77.248657 -88.890408 
1 888 -30.120975 
3 36 104 1201 96.627119 -60.448576 54.611668 
1 704 63.969868 
2 928 1142 -42.106528 45.011522 
2 1130 1305 14.754078 -1.329837 
4 879 1221 1274 1285 -14.098157 2.469044 24.970833 -2.605904 
1 412 -27.639522 
1 1140 -41.549413 
2 1240 1333 67.244574 23.687686 
5 263 788 1112 1318 1405 -67.201766 -79.866215 -42.229168 74.972968 85.175303 
4 118 367 699 878 -21.917220 74.770005 -80.671934 -69.870327 
1 1339 57.539563 
0 
3 9 513 1081 -50.050642 53.425182 -28.065199 
1 651 92.254401 
4 240 720 779 791 -19.284288 -6.728606 -69.115110 -57.552936 
0 
4 225 340 1037 1492 -71.360731 10.798960 44.954014 53.907728 
4 691 876 891 1431 36.699648 -1.509341 40.693352 97.345274 
4 78 176 558 1086 -26.265711 10.832857 -5.813339 -46.609735 
2 191 757 98.249980 -33.235626 
2 1108 1203 40.558121 18.500907 
1 195 -54.367088 
1 537 -49.250348 
1 1183 80.325310 
2 988 1256 14.668990 90.564662 
1 110 -55.055918 
1 823 22.412805 
1 210 57.258313 
2 569 1279 -19.070799 74.856623 
2 839 870 53.072487 -42.769511 
1 1352 89.759187 
0 
3 467 727 1453 59.571089 87.321247 11.980855 
4 479 850 1033 1052 9.230485 38.630181 61.069572 83.784520 
3 219 1281 1488 -81.677794 -50.504139 35.429861 
1 134 -74.556998 
0 
0 
3 79 1383 1427 38.823312 -97.935757 -56.451460 
5 462 752 863 938 1245 37.099699 49.591973 -52.076595 28.937617 -44.205248 
0 
2 713 1259 -41.050789 -88.532229 
0 
1 95 34.118931 
1 722 85.710142 
3 920 1071 1268 -51.332304 -33.606093 -34.031985 
0 
2 19 941 34.009377 -82.970584 
1 1114 -67.526030 
3 389 1152 1429 -96.006375 7.884924 12.013869 
1 313 -60.286835 
1 969 -13.217314 
1 757 -26.089762 
4 248 703 1030 1480 -98.757162 53.314479 -33.016996 16.469065 
4 118 331 1116 1293 25.023046 -64.387268 75.908934 89.671563 
2 423 1267 12.395349 -50.663302 
2 334 1199 95.639691 2.180723 
1 257 -45.125738 
4 659 683 717 1181 -9.098934 -51.439313 -9.208031 -72.595756 
2 168 1137 58.600865 81.255426 
0 
0 
2 446 874 27.288171 70.031132 
0 
1 201 66.563352 
1 1109 -65.184091 
1 1479 32.322829 
2 614 889 14.963979 -27.341918 
1 1410 88.580396 
3 109 323 666 -81.572056 61.860313 50.747241 
3 513 1242 1461 69.311466 34.837272 -24.864460 
1 1238 -70.145763 
0 
0 
2 181 1267 -62.133742 -31.523266 
2 743 999 -17.322605 -78.711306 
1 1360 2.892775 
0 
0 
1 654 74.766001 
3 336 926 1227 19.775287 86.668096 68.784829 
0 
2 299 1224 -27.681328 67.129406 
3 298 446 894 72.716804 73.243681 13.646636 
1 82 -7.908297 
1 289 -8.326020 
1 662 -6.485100 
0 
2 241 347 15.473945 -29.345241 
2 428 731 -46.859266 33.051360 
1 1495 -44.458073 
0 
2 274 1111 -30.661820 39.531459 
4 378 467 920 992 9.823313 8.784432 46.591758 9.880174 
0 
0 
1 643 -14.698452 
1 347 -83.033740 
2 308 645 -45.360881 -61.073753 
2 536 1146 -57.984221 47.888720 
1 70 -73.017043 
3 733 913 1051 -1.565655 75.265167 -65.673709 
1 1203 -59.677513 
2 711 1136 -45.215398 -21.971082 
3 18 42 68 91.695938 -3.638751 -66.505321 
2 266 964 66.205936 -39.724909 
2 16 832 81.674084 21.964075 
1 123 -22.356979 
3 752 1202 1330 -43.712286 47.194329 -69.048003 
0 
0 
2 521 1159 -86.053260 91.132459 
1 388 -4.631233 
2 287 1315 -32.010023 3.565761 
2 321 1486 67.250143 28.125206 
1 1443 1.287695 
4 19 280 844 941 -30.984635 56.034536 -6.524570 52.047545 
3 24 501 1204 -6.904928 -58.798655 42.990732 
1 1086 -94.752718 
4 191 1134 1179 1332 -7.863328 -64.644186 60.317399 61.664489 
2 1046 1279 38.326205 -91.360771 
1 928 -39.984905 
1 704 -46.713074 
2 23 428 37.439789 -90.076642 
1 1372 -86.936113 
1 521 18.965089 
0 
1 838 -3.419173 
1 732 -41.991053 
0 
4 721 865 1160 1162 4.195465 -88.155746 -0.111925 -17.669436 
1 956 -70.922271 
1 1041 -19.971842 
1 800 61.894734 
1 1238 -20.971109 
2 164 1474 -87.138472 -33.413900 
4 62 1040 1211 1233 0.479073 -48.024624 69.457444 81.756409 
0 
2 933 1321 1.555479 8.042215 
2 639 846 -35.456508 -81.239886 
1 793 49.954596 
2 188 881 22.646039 -2.007563 
1 263 38.808810 
2 1064 1314 -94.025181 -3.852543 
2 277 601 -25.881234 -63.315179 
1 1046 35.085038 
1 407 -88.050416 
3 191 633 784 -5.649849 -97.789452 99.887355 
0 
0 
2 513 1097 -3.249431 -26.552950 
1 231 -17.379630 
5 289 429 450 508 836 28.509985 -63.407010 56.758637 -67.669178 -77.936304 
2 212 1125 11.496611 -7.412764 
0 
3 971 1154 1215 -41.664822 -70.467729 -23.459386 
2 301 1084 29.165967 1.945106 
0 
1 1231 -63.866476 
0 
2 495 501 78.581913 -95.763232 
0 
3 165 614 1360 65.303417 11.643562 -94.055275 
1 194 59.882650 
2 997 1162 85.555164 68.650013 
1 174 55.453040 
1 33 34.530601 
0 
1 597 -84.201766 
3 87 156 758 17.313452 47.288452 -40.352087 
1 49 39.676574 
1 213 -48.290021 
0 
1 1394 7.063999 
1 130 76.707747 
1 1404 -88.570989 
1 976 82.419717 
3 561 658 1326 23.435628 56.398833 -65.075677 
0 
2 627 1268 -73.180483 76.271702 
1 457 70.816408 
1 91 49.209073 
2 270 1061 74.073393 -78.228414 
0 
2 598 1465 -97.378323 55.683804 
2 488 709 -95.939038 66.672300 
1 951 -80.855470 
0 
0 
1 979 -53.438498 
1 215 22.869941 
3 211 738 1036 45.817341 -14.089210 -73.857408 
3 598 1238 1300 -2.887306 42.911398 73.972814 
0 
3 139 1316 1396 -4.711566 -58.410088 35.393463 
0 
1 322 72.092280 
0 
1 1220 -40.369924 
0 
4 264 747 1143 1371 -96.150578 22.318712 -2.449010 99.981724 
2 12 106 -12.653165 69.577959 
2 824 897 31.152493 -32.553747 
1 698 -74.881436 
1 1434 85.750033 
2 1169 1450 -65.537387 77.146295 
3 31 558 1315 -71.764202 -14.631038 -10.088513 
0 
1 291 -59.618358 
1 1162 93.029904 
2 426 1162 -5.806747 59.381655 
3 486 515 1129 6.718872 -47.998192 -85.841405 
1 801 -14.004087 
1 1133 70.591871 
1 358 12.412079 
3 213 645 683 -0.006830 35.493935 19.610505 
1 1122 35.634965 
1 105 -68.741178 
2 689 729 77.583053 -79.537963 
1 898 65.474469 
1 1269 34.942221 
1 703 29.355871 
2 662 1282 82.205836 60.147737 
1 10 72.567481 
3 384 1116 1274 48.749797 70.686516 -74.048854 
2 1383 1386 -60.743091 -61.618752 
2 116 1132 -6.060959 13.745277 
4 489 683 1294 1419 98.841497 -53.657076 -95.055805 -11.615439 
0 
5 214 346 573 719 1360 -95.987609 59.321811 -77.943735 83.083820 57.257062 
4 202 461 1071 1426 -37.945469 55.222743 -4.449810 -56.496061 
3 181 459 944 43.403154 41.062087 -76.784334 
1 646 61.388451 
2 22 93 36.667279 24.478394 
3 162 262 592 17.603211 1.663868 46.468017 
1 140 -94.946627 
1 859 -82.511560 
0 
1 1427 42.957413 
2 20 425 -71.017168 45.752230 
2 613 709 -91.569398 81.273975 
1 390 9.103612 
1 234 18.514156 
0 
0 
2 334 401 -68.872384 95.874757 
0 
1 1339 88.336074 
0 
4 145 146 839 1164 -22.963134 53.573099 11.868062 19.164227 
2 878 1375 23.019331 54.505245 
1 1026 -19.102839 
1 641 36.469591 
4 34 445 479 529 -6.936062 -13.169576 28.480847 70.897058 
1 295 56.845805 
3 121 430 844 -63.579506 60.843452 -16.056648 
3 198 285 1221 75.177412 -83.032944 27.199569 
3 202 341 1215 91.822674 -80.217982 86.401782 
0 
0 
0 
1 816 -93.466289 
2 529 574 3.786240 -99.059631 
3 1317 1451 1491 40.714974 13.472486 84.708303 
4 148 1055 1323 1443 -16.702285 47.504747 78.784191 -12.783142 
1 447 -40.287446 
4 608 713 973 1411 54.484919 -49.703617 54.019121 -89.180871 
2 422 768 -99.259892 -65.318812 
0 
0 
3 678 889 1059 64.681156 -67.134323 27.482643 
1 108 55.017416 
0 
1 1266 -58.899861 
1 647 -21.012297 
1 576 25.554939 
2 536 1190 26.045843 16.853600 
2 277 1155 85.313944 -33.437907 
6 198 885 961 1124 1293 1466 99.307927 -57.204946 94.803289 -17.645960 -76.393660 89.879366 
0 
1 1144 64.278876 
0 
3 249 1232 1476 -1.154785 -1.944179 -70.833141 
0 
2 345 1000 99.950270 -98.956885 
1 407 13.899230 
1 2 -17.262526 
2 48 1121 92.450496 72.435511 
2 276 883 25.466194 2.142203 
0 
1 968 -12.934996 
0 
2 416 1222 -85.025246 -68.411209 
1 464 45.280017 
0 
0 
0 
2 191 1316 -9.736865 -79.359452 
4 188 267 418 632 -8.824463 -45.449554 -0.412368 -21.264215 
0 
2 689 1137 14.292708 95.167890 
1 601 -20.320632 
0 
1 998 84.694063 
3 299 785 1364 -83.467620 -35.894742 20.421630 
5 423 611 644 786 1390 -24.274251 1.199746 32.343004 -0.909580 30.133358 
0 
2 458 972 -30.945583 3.516081 
2 535 1059 44.320976 -96.252661 
1 803 -36.634728 
4 196 706 1152 1163 80.620173 28.109714 88.862870 -39.641192 
4 428 764 1382 1444 -72.158184 -75.820445 -85.858275 1.447367 
0 
2 1345 1376 87.127653 89.611147 
1 434 14.714408 
1 1136 -0.065501 
0 
2 994 1118 -27.983901 -40.360643 
4 259 689 999 1148 89.762055 14.788498 -35.604685 68.568700 
1 1491 85.781254 
0 
1 74 -89.664039 
1 1098 18.001465 
0 
0 
0 
1 1391 26.886463 
1 1401 81.540507 
0 
2 433 535 73.158179 -91.383672 
0 
2 485 1304 -42.148732 70.168194 
1 349 -89.956331 
1 190 -6.470076 
0 
2 355 1167 -5.979878 81.379620 
1 143 -29.801737 
2 121 989 -17.023031 82.412735 
2 519 1036 -74.476241 -68.115003 
0 
0 
1 26 36.490965 
1 744 78.591327 
0 
1 708 -20.442740 
0 
3 273 291 404 19.042462 20.886101 -2.878076 
2 464 711 -43.423354 -63.193422 
0 
0 
2 579 1400 1.035202 3.942345 
2 21 470 59.455013 -32.746524 
2 151 541 -44.532022 -88.951429 
5 29 193 427 771 1002 -68.045193 96.928196 97.352863 29.278456 49.077013 
1 553 -88.507242 
3 279 653 966 1.287694 -66.013321 -64.653891 
4 85 794 880 1004 -25.568159 66.665195 80.745014 16.761473 
4 105 202 216 1422 3.729241 -1.185499 92.451003 15.883888 
0 
2 877 1277 -46.856418 62.996376 
3 143 888 1480 -0.062074 -11.291273 -33.505080 
2 1079 1418 19.003984 -12.650479 
0 
1 1170 34.115721 
0 
1 265 15.965778 
5 110 365 503 758 1330 -16.459718 -36.424563 2.894828 -65.863930 -89.778565 
0 
3 23 595 1427 81.525295 7.677062 -97.839725 
0 
1 275 81.130681 
0 
2 335 1498 91.588822 -45.800127 
0 
2 45 498 -46.238829 -80.809961 
1 409 -76.931264 
2 1104 1477 -44.966952 -68.248627 
0 
2 703 747 -92.699469 -11.113518 
0 
0 
2 294 944 -33.307725 -44.257113 
3 680 690 1326 79.727818 -13.830750 70.254841 
1 1061 -43.636597 
4 537 597 849 1113 82.365179 -91.797104 84.195705 26.922955 
1 22 -15.754759 
2 710 758 48.873050 54.806036 
2 534 1358 -78.415438 55.665657 
0 
0 
1 489 -30.727170 
1 243 24.950492 
2 710 925 95.624782 -65.141044 
0 
2 813 935 7.660138 45.226825 
2 123 571 58.319160 -56.750081 
2 368 807 48.058738 -24.683918 
2 170 1159 38.645269 45.986125 
3 426 1020 1055 -68.422160 3.820836 -69.409497 
2 2 402 27.481696 83.449820 
0 
1 586 -10.773857 
0 
1 1072 95.885519 
2 582 830 -58.242426 -71.793565 
3 312 917 1199 -15.152346 -47.340748 -98.277318 
0 
0 
1 740 -32.517025 
1 455 71.578160 
0 
1 464 47.729538 
0 
1 633 89.265263 
0 
1 438 32.195601 
0 
1 1405 25.406775 
3 17 761 948 44.093242 -24.671314 5.431640 
0 
1 1122 51.064041 
3 264 369 1361 -63.044613 -16.877101 -69.125528 
0 
1 782 -60.047181 
1 87 26.428020 
2 847 1120 69.937132 28.174639 
0 
2 1130 1170 5.251739 24.845243 
2 179 221 47.038758 -16.097148 
0 
2 688 955 3.355104 9.033402 
0 
0 
2 221 1002 -48.058650 -18.758059 
2 134 1286 -94.681270 -38.629357 
2 224 982 82.708991 -63.499174 
2 41 399 1.502506 -11.342546 
3 558 1038 1371 -17.325226 -96.946838 93.642270 
0 
3 491 1173 1284 -26.581905 -79.415471 -63.388280 
2 1463 1472 62.643771 78.854722 
0 
0 
2 211 908 15.763870 -40.419452 
2 1168 1461 15.583298 -2.902255 
2 32 146 -33.614454 -6.087597 
2 1244 1286 -10.206226 -37.615175 
2 601 1209 -67.139623 -30.921350 
0 
3 25 481 889 35.448686 91.286635 -79.147124 
3 16 31 709 -85.523875 76.989129 2.873819 
0 
1 474 -86.946973 
2 272 703 59.408931 73.117881 
0 
1 391 81.626426 
1 38 27.637855 
1 1218 20.203354 
1 378 -37.263695 
2 663 888 34.205093 -42.040063 
1 422 88.606948 
2 203 555 17.179670 16.346951 
2 648 1264 -0.865428 62.024042 
5 96 137 635 828 1138 20.384064 -67.724992 72.834455 86.629011 -9.165016 
0 
0 
0 
1 141 65.655612 
3 254 999 1031 -99.229919 -26.507091 66.270430 
1 64 94.546700 
1 1137 -60.485064 
3 29 831 998 37.794649 -31.954435 66.632544 
1 182 78.691480 
1 290 91.285020 
2 386 745 -60.195779 57.162163 
1 331 20.317657 
1 384 -93.406671 
3 86 451 648 -4.879540 -89.851681 -49.661109 
2 740 1223 -42.539396 -63.898059 
4 307 370 898 1437 -90.719095 -5.276431 48.340957 6.530831 
0 
0 
1 419 98.965862 
2 792 910 2.491222 -12.848028 
1 1079 -99.068472 
1 1228 61.654430 
3 310 469 832 -23.657666 33.786875 -19.349300 
0 
2 426 621 -72.327887 90.436667 
0 
2 1081 1217 -9.306089 29.523908 
1 102 24.632283 
2 357 417 -84.579221 -8.376037 
0 
0 
6 413 576 645 695 1260 1269 -90.915630 5.699442 37.272083 -80.584187 57.187001 -99.460050 
3 202 1091 1304 85.380779 40.628930 -85.340971 
2 268 711 -2.647820 -39.136718 
2 26 1016 28.827083 -12.839562 
1 1017 -3.335007 
1 843 51.213526 
1 135 77.953279 
1 251 -97.947086 
2 180 802 87.209682 57.314797 
1 1460 -35.537114 
0 
4 32 813 877 1389 53.026360 -19.208478 35.981204 99.327875 
3 734 1054 1245 16.206425 75.176127 70.535879 
0 
1 618 61.373469 
2 386 794 89.925104 -27.795021 
2 22 227 -23.784854 87.075156 
2 1286 1451 -56.575907 33.784934 
0 
1 938 97.471435 
2 507 609 46.811783 -93.698786 
2 115 499 28.979659 12.116831 
2 787 914 29.042120 -57.302160 
1 164 -33.717185 
1 80 -35.991931 
3 356 859 876 94.189014 41.425133 -34.632587 
1 569 -60.819738 
2 370 1062 88.887046 -99.799269 
2 687 952 -68.953456 65.204520 
1 246 7.163902 
0 
2 953 1262 -74.516997 63.709561 
0 
3 158 377 437 95.978015 -24.014992 75.691510 
0 
1 127 70.975687 
4 251 361 1473 1492 -15.057207 66.296962 -72.102049 59.281903 
2 323 676 13.675809 24.426659 
1 909 -96.422758 
1 964 -83.790308 
1 174 40.486249 
0 
2 1123 1392 36.462617 -56.186759 
2 837 987 -33.034224 -22.640412 
1 1338 76.410573 
2 356 1472 2.079165 -83.824050 
0 
2 628 1203 -75.569922 -7.597092 
4 586 1027 1113 1185 -3.164534 51.800956 -93.593727 -18.479654 
0 
0 
2 689 1231 15.307627 -36.283904 
0 
3 454 775 807 12.040988 -37.636284 95.755645 
1 468 -5.324243 
1 1380 -22.329909 
2 240 1202 13.708030 -39.349457 
2 152 1441 -64.767711 -91.562546 
0 
4 135 342 858 1108 0.588758 10.258044 69.055878 3.361957 
3 266 688 717 -8.202383 -56.823889 28.087668 
2 668 1135 60.221931 -49.886965 
0 
2 269 1143 -87.388802 -55.757515 
1 1483 -76.814296 
1 1014 41.873270 
2 734 1021 90.761761 -34.735115 
1 223 2.793770 
0 
2 183 274 -59.205194 40.845208 
1 1486 43.273099 
1 1287 -60.805504 
2 600 1026 -33.231869 -92.211229 
1 1036 -38.048719 
2 110 722 -4.842810 -60.520470 
5 50 230 876 1074 1214 8.489604 20.539897 -77.532406 -93.315876 -2.279068 
2 632 1129 -5.043165 64.610632 
3 417 976 1428 -28.877136 -28.124159 -86.227282 
1 849 -42.931280 
1 903 12.607667 
0 
5 110 342 398 554 1360 -18.642351 -54.491779 -89.029841 -12.025651 42.837253 
2 332 1293 -25.530653 75.831725 
2 455 1401 1.488439 27.356231 
0 
0 
1 475 -44.648120 
1 53 55.431099 
1 565 66.309532 
2 80 457 -9.959718 11.773216 
1 124 -6.676862 
3 221 310 720 63.904465 31.028382 -82.563062 
3 646 1013 1428 -16.167177 83.926845 -9.180841 
1 1229 30.782219 
2 367 936 -81.519868 -92.527294 
0 
4 14 751 801 1244 -76.053819 57.513725 10.174139 -52.972473 
0 
3 124 202 925 94.810514 4.119305 -7.513203 
1 521 19.721306 
2 708 743 67.671827 -66.701692 
1 123 63.794785 
3 103 798 1439 95.213113 29.852428 -38.297668 
4 174 1028 1050 1052 20.056288 13.394586 65.477979 58.254357 
1 610 -49.226288 
3 942 1427 1444 12.827784 4.281785 35.134572 
1 373 -90.630886 
1 447 -4.444461 
1 42 -51.851203 
0 
0 
3 114 441 903 24.215338 9.854412 -86.258049 
0 
1 980 65.045418 
0 
1 374 -8.512018 
0 
2 85 215 -20.957619 -3.172679 
2 356 829 43.391031 -89.952773 
3 1159 1172 1260 79.912773 71.044903 -48.488109 
0 
1 850 -68.695810 
2 711 788 -38.921036 -58.600566 
2 1047 1117 -90.308378 -21.852704 
2 651 897 57.251957 89.463809 
2 806 1234 77.727421 69.545064 
2 385 1445 52.987176 25.385872 
1 439 -39.480557 
1 1465 25.449905 
3 246 731 754 70.957797 12.533491 90.475594 
2 189 1224 -38.215685 -55.450687 
2 1277 1442 57.279302 28.388573 
3 603 920 941 -38.048046 -47.423309 27.794557 
4 69 680 1335 1466 66.597182 37.117796 14.049038 -69.281906 
1 16 -26.588996 
2 1171 1357 -93.032979 35.796606 
1 103 75.142928 
2 318 1360 -45.103855 -56.541246 
2 735 1142 83.969741 40.265287 
1 283 -41.435684 
2 832 1030 73.073060 89.025477 
3 1 9 871 75.454617 89.816228 45.790178 
2 479 1257 69.177431 -59.949175 
0 
2 62 627 85.254054 67.344901 
1 731 -40.162782 
4 812 953 1473 1474 2.329014 16.186550 -69.247553 -56.366069 
3 859 1047 1055 -57.646153 78.533396 47.752341 
3 200 405 1290 99.500580 87.629029 82.927432 
1 1385 4.123924 
3 613 991 1375 96.875236 -79.522689 66.828111 
1 333 7.092352 
0 
4 158 278 903 1434 56.971382 78.986292 -83.564953 -69.810476 
1 572 -42.270807 
1 135 50.318441 
1 837 35.439406 
1 173 32.511743 
3 617 734 1327 41.908663 87.743112 91.515252 
2 652 899 -77.628822 -49.825162 
1 1276 -96.788970 
0 
3 144 565 1290 -63.565326 6.550647 55.535902 
3 206 999 1176 -20.139675 88.010974 31.139677 
2 344 795 -32.737753 -37.149739 
0 
2 580 635 -58.867310 26.110944 
4 292 905 1440 1443 30.631357 24.778470 -14.016747 73.646137 
2 78 971 77.278577 78.726135 
4 242 686 961 1496 -63.688447 -36.193984 24.858295 45.363713 
2 714 1003 21.604049 -21.141115 
0 
1 528 79.575756 
1 900 -79.764628 
4 376 657 791 934 -25.881438 -53.386580 -84.210486 -1.427028 
1 1450 -5.747969 
4 283 520 1285 1438 -97.595052 66.132940 75.040531 24.219524 
2 488 1221 26.159147 3.846596 
1 1028 -48.914563 
1 1127 41.453450 
0 
0 
3 133 570 1052 6.130392 22.175306 36.894793 
0 
0 
1 70 -67.935173 
3 601 865 1079 68.501309 -10.639789 -27.976623 
0 
1 747 7.706805 
0 
2 457 1060 -67.752101 66.127874 
2 208 349 -61.393401 21.532263 
4 84 250 605 759 42.303610 21.813282 -40.585794 -31.632120 
0 
1 1259 -28.633986 
0 
3 496 1296 1453 49.620662 -48.036816 -67.937630 
0 
0 
1 1063 -53.733950 
2 483 502 66.067749 31.977981 
0 
2 527 562 -76.685235 -39.462908 
2 552 1436 15.843372 54.933417 
1 372 58.298010 
0 
2 24 936 56.667800 4.932737 
0 
1 125 24.769320 
2 392 758 84.874275 -45.325674 
2 152 840 34.982562 87.061469 
1 1148 34.625884 
1 1473 94.850527 
1 1490 40.728423 
2 283 1101 38.666380 -27.777007 
1 14 1.502350 
1 1440 -3.406099 
6 234 265 299 931 1368 1428 45.376394 -10.026206 1.630888 24.289006 -79.790832 -91.959854 
0 
0 
1 166 48.286765 
2 75 1052 26.927060 -14.600294 
1 342 14.556897 
1 1012 53.343133 
3 795 805 1067 56.369690 -25.497401 52.606164 
2 116 271 -8.554771 30.840702 
1 420 0.979523 
0 
0 
3 292 596 1010 64.642489 -18.382459 -91.556618 
2 462 734 8.130599 -4.554968 
0 
2 991 1428 54.360823 60.161217 
1 47 -64.664861 
1 1383 4.375834 
0 
0 
6 191 222 667 899 1009 1112 -46.747547 -9.251328 -96.231038 -42.947596 17.356578 -17.768151 
2 243 1052 75.783969 -52.037303 
0 
3 521 893 1081 -2.949612 -6.963492 -3.138652 
0 
3 543 630 681 -77.573822 23.269461 64.570181 
1 1055 -19.196192 
0 
2 359 379 97.525948 -15.885072 
1 421 68.624231 
3 911 1194 1354 66.658800 -8.910027 -89.505576 
0 
4 330 733 762 1411 -78.329277 83.895636 -70.629210 88.614508 
2 435 1178 8.161575 1.502170 
2 71 1170 -85.190245 9.386635 
4 0 436 452 854 77.074865 74.423086 -11.602581 -21.861343 
3 33 586 1341 82.834965 -22.851783 47.648631 
1 302 -18.742710 
1 761 80.352215 
1 125 -29.768371 
1 376 -47.913617 
2 412 1230 -65.462868 -53.380313 
2 336 1390 29.172591 34.612394 
2 126 499 11.623973 2.948257 
2 230 339 -66.929462 -6.268833 
3 252 1321 1493 -93.183428 72.595203 85.334169 
1 1475 49.196970 
0 
2 276 1303 98.075102 26.700221 
4 452 605 636 1332 -54.188387 40.062223 -21.605651 -72.342807 
1 987 60.585170 
2 245 1402 -89.548476 63.430235 
2 343 1045 -79.394527 4.556782 
1 966 -86.730569 
0 
1 1402 -2.929152 
2 321 392 -73.249925 2.267853 
0 
2 186 878 -88.802826 -4.630804 
1 872 5.518425 
6 292 547 699 1010 1327 1352 33.092829 -12.065689 4.203308 -37.558559 -32.973595 47.773768 
1 1385 -71.327716 
1 309 -79.840758 
1 988 -85.964501 
0 
3 208 911 1211 -70.739206 -69.148535 -61.471099 
2 539 1004 -17.428453 -22.826073 
1 684 -43.333423 
1 878 -46.044439 
3 31 78 1069 46.591133 -19.452809 -61.550047 
0 
0 
0 
0 
0 
1 1359 21.208425 
2 692 702 -67.883098 67.575698 
3 621 829 1262 39.226228 5.688738 -38.856327 
0 
0 
4 305 353 401 917 -47.788945 12.164890 83.598508 41.834849 
0 
3 434 813 1106 -32.694879 -41.377944 3.487991 
4 961 1056 1135 1455 -97.787734 86.947510 -19.167009 -38.005898 
3 760 792 925 -19.185590 -15.358401 64.018610 
4 148 568 1222 1481 -93.487226 63.918103 26.365277 29.630539 
2 530 854 74.744346 -4.021774 
2 522 890 -41.620522 79.332995 
4 345 489 646 988 90.524368 -96.668552 -71.955389 18.796133 
2 1269 1389 -14.312608 26.581063 
1 202 -53.217819 
1 225 47.355067 
0 
3 1085 1359 1377 50.401963 3.381808 23.089730 
1 983 98.127755 
2 10 120 -50.518496 31.137817 
1 973 58.111272 
1 395 -8.902094 
2 725 766 -11.778506 -82.140726 
2 692 1475 -66.263980 19.690143 
1 1214 -7.588692 
1 357 62.785203 
2 2 210 80.390074 33.032531 
0 
1 963 -71.365375 
0 
4 25 31 80 903 59.300318 -13.401131 -22.418004 -0.956563 
3 120 820 946 0.044233 16.271641 31.216858 
2 205 527 -5.030156 -25.321490 
1 346 -22.313529 
2 1032 1164 73.675096 -58.946595 
0 
1 34 -65.461064 
1 1419 -49.873566 
0 
1 1337 -51.844043 
3 276 533 1265 99.660146 -18.305829 -87.898099 
1 1361 -21.055387 
0 
2 1380 1488 18.784920 -95.231549 
4 29 800 879 1437 -77.013560 22.745187 -29.964902 9.515625 
1 374 62.490653 
2 146 552 52.898622 30.329515 
3 141 362 1099 -34.169077 5.556622 89.692201 
1 1260 32.542230 
0 
0 
3 144 1259 1432 -27.521711 21.102010 -86.036769 
1 1425 -45.265090 
1 1144 74.306618 
2 502 857 -32.202998 -0.296481 
2 136 918 76.617113 71.495709 
1 393 44.933595 
1 281 73.206720 
0 
2 941 1099 81.034199 75.420457 
1 80 -56.353843 
2 255 371 21.383864 76.420100 
1 1053 -16.285957 
1 1096 35.670444 
3 28 132 207 43.325715 -50.516473 -27.364262 
2 344 1487 9.685558 -86.211700 
1 195 77.083792 
0 
2 222 288 -97.430497 -23.450377 
1 543 59.582436 
2 25 224 49.636553 24.748881 
2 355 1322 7.177386 -7.385146 
1 839 -70.867744 
3 181 303 347 -3.385394 -35.538276 96.144913 
1 743 -67.157296 
2 968 1259 70.041741 49.939626 
3 214 283 1339 64.249579 89.590670 -89.395245 
2 446 1305 9.044227 -74.507511 
1 314 -94.344354 
2 790 977 -59.180781 4.886763 
2 19 1464 26.607863 23.430670 
2 29 1128 76.410855 89.718656 
1 235 28.307739 
2 22 613 63.876599 14.542053 
3 351 410 1104 -5.192140 81.802751 -67.214576 
1 45 -87.434260 
0 
0 
1 1394 -87.765907 
2 903 1093 48.521029 65.857065 
1 1372 64.325132 
2 637 745 29.256202 -63.669300 
1 178 98.004016 
1 583 -61.755380 
4 269 723 1086 1102 -59.330281 -36.926998 -7.305305 -95.014956 
2 215 466 -4.753566 -76.565958 
2 214 910 -89.894244 15.500524 
0 
2 145 1379 0.632836 64.404189 
1 1166 -47.102795 
3 718 892 1086 85.883036 -58.934115 -56.287346 
0 
0 
0 
1 1094 -80.452660 
1 955 16.965439 
3 698 702 1427 91.009188 -91.373825 4.396302 
0 
1 763 66.167622 
0 
2 579 695 -86.435751 -12.403805 
0 
2 814 1316 61.217981 -49.370837 
1 1406 64.388151 
1 1282 -67.736208 
0 
0 
1 1154 62.073171 
0 
1 434 -30.821027 
2 764 1372 -57.766855 -47.753373 
1 1398 -0.166979 
2 493 936 -63.375776 10.826811 
1 273 -56.522057 
2 271 945 -46.870588 13.389034 
1 1085 3.706178 
2 275 417 -43.476203 86.557172 
2 590 1067 52.253696 -90.144937 
1 241 -13.663249 
0 
1 689 -24.467103 
0 
0 
2 318 1402 9.022662 17.497631 
2 570 740 -42.537024 -43.089326 
1 597 -72.132181 
2 212 447 -63.394662 -23.997163 
1 135 -60.792428 
0 
3 218 844 1374 -99.100187 -64.304728 42.967652 
0 
0 
1 1273 51.940196 
1 788 -19.502963 
4 138 839 1127 1176 -9.846012 -6.961608 19.585091 -55.498239 
1 1298 87.379372 
0 
1 535 -77.853935 
0 
1 990 83.097825 
3 12 1017 1442 -62.364091 -53.711286 72.973928 
0 
1 650 -28.720202 
2 104 1155 35.389197 -84.461177 
0 
0 
1 1415 -77.011120 
1 1148 -4.753038 
1 554 51.589295 
1 1327 85.071511 
2 1009 1180 91.633533 65.161506 
0 
3 752 979 1440 -81.665063 -34.805423 -86.953402 
1 669 -40.130165 
2 1031 1444 84.246104 -74.285713 
1 843 -90.514287 
0 
0 
3 568 808 1127 93.423082 -77.726469 31.786080 
0 
2 976 1449 -46.199312 60.170707 
3 6 236 470 -86.030290 -4.521098 -16.147115 
0 
2 132 889 26.334695 -28.754279 
1 434 76.900527 
0 
0 
3 408 606 1346 38.913635 52.571335 52.128187 
4 227 316 525 1224 76.909518 -6.334493 24.965730 -50.034565 
3 209 696 1169 99.958815 38.027120 -72.936937 
1 1230 -95.122657 
1 1458 -75.487818 
6 283 345 637 643 721 1386 -35.655518 -96.549706 -65.405056 -73.029796 20.238304 -15.588404 
1 1313 3.989383 
0 
1 1105 72.798952 
1 1186 -2.197612 
0 
0 
4 217 235 1191 1241 14.233601 -25.687663 29.712974 51.173521 
2 523 643 60.200695 -89.292604 
1 393 -52.595748 
4 58 339 344 916 49.705110 -77.580360 -97.961021 -30.518016 
3 109 1102 1248 51.177754 71.259315 19.282653 
0 
4 161 610 1237 1330 18.980666 81.023405 -44.473464 92.429454 
1 141 -1.298648 
2 985 1364 40.130237 52.361436 
3 607 832 838 -80.191992 52.503193 71.084930 
1 1362 48.509579 
1 545 -75.378124 
1 278 79.798950 
1 362 11.200336 
1 1080 -12.285955 
0 
1 806 -29.450674 
2 800 1167 94.008333 39.948874 
2 553 564 -41.026834 -54.378477 
1 523 -22.280453 
2 369 371 -2.009867 -77.608518 
0 
2 262 428 -39.881179 84.512097 
4 550 603 1297 1418 -65.449771 36.413053 -94.282407 77.241672 
0 
2 227 358 54.530976 58.591465 
1 20 59.967845 
0 
1 548 81.492365 
0 
2 171 1465 -39.165237 -12.742156 
2 990 1375 -92.213482 31.260989 
0 
1 267 -90.817668 
1 208 20.443053 
4 229 251 944 1060 -42.312202 -26.404063 73.364896 -20.639871 
3 3 301 624 -40.581559 -72.859235 -99.226192 
2 866 1183 -25.362732 -55.584656 
2 626 805 -71.318186 -92.514776 
1 884 67.062969 
3 522 937 1164 36.545421 69.591848 68.194037 
1 473 -19.800790 
1 77 52.802970 
2 354 1378 -27.194732 -86.936763 
0 
2 248 340 -5.738887 -90.421901 
1 1265 84.406010 
0 
2 401 628 -29.365758 74.525783 
1 1496 21.252814 
1 807 30.455466 
1 645 -53.040069 
0 
2 584 1210 -84.748369 -50.242573 
0 
0 
0 
2 735 944 47.932181 -4.759766 
1 1025 41.187607 
0 
0 
1 835 -36.441684 
2 863 1487 -91.917704 21.767583 
2 205 1420 -86.490142 74.118847 
1 179 40.334938 
3 331 488 1421 0.863706 92.615982 53.326727 
0 
1 1218 5.869855 
1 247 -38.641937 
2 250 1033 23.973121 96.374097 
1 1328 0.513851 
2 525 1187 22.398471 -36.776298 
1 826 -13.687204 
1 541 79.882963 
6 106 404 418 432 890 946 -94.720282 56.392748 -28.239715 39.720477 -48.825772 -98.468137 
0 
3 103 908 1170 4.700177 -15.935650 -3.977755 
0 
2 448 980 38.744184 -70.303723 
2 1215 1222 94.647558 -63.043291 
1 914 84.303149 
0 
0 
2 511 798 -17.458190 -63.594171 
1 1022 64.177566 
3 141 1392 1404 60.327732 -9.426563 -24.189210 
3 269 536 968 74.433418 83.518714 30.154327 
0 
2 844 979 -74.598622 -22.416179 
2 817 1406 88.468630 89.911741 
3 405 514 1315 51.007176 -75.573315 -72.075684 
1 32 41.602575 
0 
1 130 -4.891553 
1 1358 63.289857 
0 
2 651 1482 -28.237057 11.673874 
2 577 1042 9.436298 77.631938 
1 257 -74.311299 
3 909 1080 1109 -52.958428 93.408410 -11.650331 
1 471 -60.978818 
2 283 1451 -51.311251 48.409162 
0 
2 1137 1271 -14.199302 87.561571 
2 730 1399 -73.587626 -98.106527 
0 
0 
3 298 467 961 1.084795 15.321432 57.648152 
2 284 881 -41.740117 -56.374255 
0 
4 349 418 1112 1241 -3.579389 -66.899615 -22.127167 -75.920074 
1 756 -2.925195 
1 790 -93.511161 
3 384 830 1438 69.896596 5.373587 7.539734 
2 960 1032 43.541222 -2.105592 
3 296 741 1093 77.941717 -81.947253 72.027883 
2 1378 1413 70.930761 79.206586 
2 143 1286 58.062720 24.315285 
1 377 -45.607671 
2 856 881 75.561494 -12.049301 
1 635 -27.693888 
2 638 1024 94.999158 50.512921 
2 149 569 -36.863401 -68.988022 
1 1483 54.938930 
2 797 1312 68.267261 -45.389563 
0 
0 
3 809 863 1132 29.715786 1.427749 67.019814 
1 1112 29.635378 
2 668 1404 -21.326582 65.255048 
1 131 -94.774096 
0 
1 479 -53.345547 
1 1406 -14.025850 
2 514 1262 21.432075 -62.776255 
2 512 1081 22.347127 97.968928 
0 
1 641 50.049309 
3 1272 1393 1419 21.291394 -85.930324 73.050229 
3 154 174 493 35.188781 3.181734 -74.116666 
0 
1 461 -29.041117 
0 
0 
1 513 36.779541 
2 41 1066 87.094662 43.126260 
1 1429 -9.335251 
1 219 -15.153747 
1 500 -71.451026 
3 262 642 1372 -59.754260 -46.877296 28.838040 
2 311 1049 99.457887 52.212833 
5 4 24 895 1273 1297 59.706153 2.065812 87.584392 -95.834973 -39.807385 
2 143 394 88.657985 67.427178 
2 170 361 -33.088361 89.070398 
3 112 459 1402 -85.921788 -37.668707 -11.021699 
6 149 348 582 796 1165 1392 43.543547 -19.460850 -92.885331 18.639454 -99.413438 82.703559 
0 
3 658 1309 1361 -23.067851 71.552582 4.228779 
3 537 1096 1425 64.655482 53.094273 20.441436 
0 
1 1080 25.024174 
0 
1 696 -49.024715 
3 92 153 903 -64.728472 27.515958 72.051765 
2 711 930 16.485981 80.064989 
4 31 422 770 930 88.618113 6.411634 12.430046 72.116643 
2 225 1493 60.771139 -53.293646 
3 41 180 1494 -95.897772 38.761799 39.171854 
0 
3 190 361 1182 21.780104 1.029053 -37.053770 
3 453 1116 1464 -78.524262 33.898694 -73.471501 
0 
1 1088 -63.444310 
2 1311 1341 67.284593 30.169832 
0 
1 1246 91.609263 
2 425 659 -88.158769 -44.171758 
0 
4 700 707 751 890 56.025025 11.524529 -54.307454 75.663791 
1 1365 52.402247 
3 425 1047 1144 -40.790536 -28.842032 -49.876931 
0 
1 1271 32.758417 
0 
5 142 517 1118 1204 1341 -17.572685 72.681139 -7.941477 81.200210 87.134138 
2 1024 1101 -33.208929 78.051721 
1 537 -88.090622 
0 
2 509 1182 -91.775397 -19.170491 
4 138 704 844 1228 34.846205 79.228370 95.060915 74.294283 
0 
2 1324 1364 94.623675 -11.107833 
2 187 515 -65.040284 -50.921530 
0 
1 481 62.263110 
0 
1 54 48.050838 
3 782 1007 1023 -45.094618 -26.037379 57.251099 
0 
2 697 1018 -56.879611 -20.459262 
2 991 1005 49.991967 -73.959926 
0 
1 931 -95.500061 
1 34 -18.631434 
3 24 996 1213 65.268793 -12.395509 92.748929 
4 337 399 652 1333 -58.748974 96.119177 97.638050 -57.099215 
1 159 17.952122 
0 
2 774 1032 -72.888466 -19.871361 
1 509 -65.121189 
0 
0 
1 276 -5.028630 
0 
4 262 707 1168 1421 -76.192796 80.678558 -7.497807 57.699330 
1 1203 82.597562 
1 1447 -85.153030 
4 55 239 975 1360 28.042807 20.172944 16.289097 6.289211 
5 73 589 718 838 1450 45.161432 4.339232 -91.068059 61.810968 94.932222 
1 1211 83.432351 
2 120 643 69.661033 65.686612 
0 
4 603 692 1134 1282 -14.638567 -90.874900 -86.433519 -27.635702 
1 1306 19.491294 
1 366 90.818372 
1 514 40.632999 
3 222 299 749 -5.233096 56.663021 75.410548 
2 776 905 -30.015759 -3.178475 
1 428 51.907767 
0 
2 808 1035 71.903181 -37.771087 
4 573 599 731 1404 -84.361886 56.522551 31.648635 50.399093 
2 542 1387 -94.820512 68.808606 
3 396 907 1082 10.789225 -18.452540 37.362049 
2 155 1109 -27.030039 72.688900 
2 234 774 -96.442889 59.058396 
2 1014 1343 -72.568796 -77.926664 
0 
1 1419 -75.857433 
2 158 1209 10.073815 -66.790384 
0 
4 403 714 1207 1390 -25.274922 -50.699466 -84.181700 83.015507 
3 313 845 1133 7.235279 -79.810605 96.213608 
2 924 1425 30.011971 25.466769 
3 1302 1306 1317 34.770474 72.422826 -29.528334 
1 511 -79.715461 
2 438 582 95.698439 -6.792701 
2 549 728 71.191311 13.986808 
2 71 1175 46.374225 -85.977644 
0 
0 
2 207 619 -40.414930 12.863574 
2 107 1164 14.537928 17.417707 
1 914 -69.879293 
0 
1 367 22.194116 
2 302 1280 48.922705 59.458021 
3 1029 1073 1157 -54.192891 -10.268357 13.950827 
2 26 998 1.550573 -64.034178 
1 360 83.796875 
0 
3 440 1071 1385 88.316326 83.554078 64.821475 
0 
2 977 1017 -91.508190 26.392869 
2 270 1452 -99.348844 -20.614987 
3 335 1166 1423 89.456905 -55.820642 54.093528 
2 210 1252 -8.229900 73.366211 
1 1160 9.441606 
3 407 451 527 45.408685 60.347033 59.636195 
3 312 683 1382 -2.706535 7.351278 -95.633715 
1 1119 -81.190046 
4 78 84 168 286 94.490050 68.188375 -71.980876 -98.745091 
0 
1 623 -90.489427 
0 
2 577 994 10.003535 -33.530731 
1 1125 38.409803 
4 60 106 846 1145 83.970600 41.884402 -70.244060 -63.458796 
1 1353 9.309170 
2 65 192 56.639036 46.028069 
2 992 1038 -69.436234 -86.617173 
2 575 1320 -31.378085 65.455727 
2 76 1366 -95.271418 -95.768881 
2 360 892 -39.825806 32.204312 
0 
2 162 1082 92.470050 -9.156213 
1 581 95.722706 
1 731 -0.533865 
4 262 325 1083 1170 60.422489 35.257851 12.955401 -20.981467 
2 988 1492 60.883129 56.742070 
1 554 -49.422289 
0 
2 470 1345 0.312574 8.080556 
1 1275 -42.405439 
3 681 1228 1348 -75.264031 6.388250 -52.988223 
1 274 40.761937 
3 288 907 922 -12.971415 -84.272079 82.944630 
1 530 74.085675 
1 249 35.909992 
4 124 369 662 1368 5.876995 71.419413 37.786997 -8.412528 
1 686 -93.705724 
1 683 -90.252425 
0 
1 1035 -32.889280 
1 249 -21.472984 
2 433 561 34.033151 -63.014338 
1 1172 -47.661532 
2 8 764 19.504039 51.584488 
1 1071 -50.254113 
2 722 738 47.271104 58.921975 
0 
2 104 1317 -8.193494 -90.964430 
1 1196 -85.174470 
2 36 704 23.671498 10.919258 
3 459 553 823 18.947344 -97.386692 -46.982533 
0 
2 649 730 -18.719721 43.220339 
1 377 -89.338689 
1 1022 -5.397761 
2 429 1242 -65.503304 -57.517789 
0 
1 1216 33.277157 
0 
1 1359 32.902884 
1 1327 -14.737857 
1 553 11.005784 
1 1284 0.065715 
1 548 98.480398 
5 334 1321 1395 1413 1459 79.571125 15.936051 -20.931939 -23.470295 10.049774 
2 205 1390 -63.583134 -12.533044 
1 400 39.525664 
1 670 -24.495640 
1 867 -43.518659 
1 885 58.721808 
3 110 319 906 -65.395036 -62.860061 -99.777734 
2 345 1320 30.850208 -95.064029 
1 369 -32.159915 
3 427 1423 1458 24.203886 92.034740 56.726875 
2 145 221 -34.943849 -30.511753 
1 1326 67.615615 
0 
1 1124 -56.191648 
4 809 1140 1259 1439 13.563312 37.315043 -12.706883 69.334519 
1 377 -76.964939 
2 273 302 -1.937272 35.700555 
2 512 777 -9.012457 -43.891442 
3 95 511 987 95.966978 0.925831 4.328306 
0 
1 1015 26.322883 
3 40 672 1096 -8.605553 6.382301 -90.011079 
0 
2 183 711 35.572004 58.467982 
3 325 433 596 -0.239747 71.216001 -0.029358 
2 73 449 -19.363045 -21.500764 
2 331 537 -56.025602 -42.612669 
1 506 10.762244 
0 
3 123 1089 1411 -13.338877 -26.654248 51.836317 
2 701 837 -68.121901 65.592873 
1 549 -17.256059 
1 121 16.556145 
2 1102 1220 -77.911138 -27.693144 
0 
1 169 -25.073558 
0 
2 226 867 74.725582 -12.531986 
4 276 473 1423 1493 -68.980062 89.850466 -5.584419 -49.689697 
2 49 587 23.681192 -87.169427 
2 294 1354 76.339501 43.365075 
0 
1 857 60.862505 
1 447 -66.716429 
1 885 91.151230 
1 561 -55.361020 
1 1316 84.652254 
1 441 78.178574 
2 669 1402 1.731289 22.561975 
0 
2 70 1103 -34.773138 -48.777915 
2 156 274 56.358331 83.780572 
4 17 154 842 1150 80.945464 31.044584 -18.385163 24.711251 
1 1058 -58.463069 
1 315 58.294061 
1 195 50.690097 
0 
0 
1 933 -50.161486 
2 325 767 83.374840 -16.282465 
1 1337 14.511535 
2 408 1353 25.190499 -83.910250 
4 184 942 1202 1207 -81.317059 95.120922 -22.182133 -15.543524 
1 1277 -64.057642 
0 
2 271 773 -84.723078 -63.176392 
1 5 -23.442516 
1 435 -60.683126 
1 790 97.732271 
1 416 -61.369915 
2 63 301 -30.947832 77.498691 
2 1016 1219 -76.088051 -41.567484 
2 54 319 -85.182551 54.493803 
1 679 -68.999364 
0 
1 133 -99.343946 
2 258 860 56.373717 79.129018 
3 186 1109 1386 86.721512 96.811202 54.635444 
1 425 -25.050953 
0 
0 
1 493 83.703597 
2 386 1082 -29.372328 -45.313495 
0 
2 871 1343 82.810617 -29.769646 
0 
1 964 34.542627 
1 727 62.519260 
1 377 42.270834 
0 
1 405 -3.893147 
1 965 22.801435 
2 1299 1439 -53.546920 -19.489419 
3 286 751 1015 -83.062751 -66.092372 -6.434918 
0 
1 949 43.430066 
0 
4 90 724 1190 1347 -61.946162 -32.316103 52.398782 93.646554 
1 1265 1.812460 
1 338 62.822643 
1 676 40.321075 
1 794 90.306612 
2 83 1388 -87.024640 19.548216 
1 1249 -85.752861 
2 854 1425 -70.309259 39.055313 
1 692 51.087754 
2 791 1401 -28.555871 25.053686 
7 544 549 726 884 1004 1084 1405 43.588570 13.782353 -73.850067 -71.668121 -36.525404 -64.559906 42.185203 
2 691 1405 97.461442 98.388464 
1 1147 46.363562 
1 1397 -72.775938 
2 474 1467 -43.773374 93.096475 
2 489 1073 -49.567532 32.887152 
0 
2 996 1423 -60.243104 -57.900867 
2 1002 1027 42.646723 -59.865331 
0 
2 256 1304 -65.857402 40.732282 
0 
2 802 938 -53.072988 34.746584 
2 393 613 -54.120136 -91.461876 
2 246 609 -68.762313 -50.535842 
1 994 -86.835139 
1 676 40.389842 
2 361 1456 -33.531986 -27.455237 
1 1147 -97.480648 
0 
2 870 1366 -43.728889 96.710585 
2 1100 1325 -96.339386 -74.329203 
1 575 -39.543832 
0 
2 29 554 80.545717 -77.949129 
3 806 913 1211 5.372730 -58.793346 55.503671 
0 
1 754 -65.141846 
1 663 16.517522 
0 
0 
1 1229 14.488096 
3 254 634 835 -39.044230 -26.500214 -92.513185 
4 383 541 864 906 7.748105 16.274214 -20.111018 11.396418 
3 31 345 893 -6.792387 64.944105 72.655956 
2 278 603 2.737534 45.985136 
1 1273 -21.585501 
0 
0 
4 246 318 334 826 -58.783885 -82.256271 80.628915 -79.521952 
1 600 26.829451 
1 1362 -13.209968 
1 13 93.754392 
3 624 777 1098 85.138515 49.776555 -1.045941 
1 460 -89.034345 
0 
3 120 929 1362 48.175878 -77.678864 -46.252965 
4 10 36 834 902 -46.499187 99.140145 -41.630962 6.512084 
4 321 334 749 794 -99.997972 18.494044 41.591920 -22.858153 
1 356 19.038313 
1 1113 -83.773803 
4 13 504 754 857 59.866940 -56.587875 -52.868586 37.416716 
4 239 357 556 1224 90.764070 98.738006 -89.524483 -99.661604 
2 599 647 91.527069 -73.995973 
2 618 789 9.764503 -47.710533 
4 89 253 456 1171 15.975936 42.391602 -25.795741 40.314851 
2 371 630 61.550958 -64.350814 
1 897 10.541895 
2 655 803 -88.871293 -31.876923 
3 52 947 1295 -83.822637 88.340832 6.103470 
1 1331 -13.136513 
1 453 -30.696532 
1 1006 29.145019 
2 55 1304 -11.407026 49.926024 
1 1060 31.775903 
1 385 -5.552968 
2 190 1442 -3.233206 -33.962431 
4 126 1009 1369 1428 -96.559573 74.790484 22.030080 -75.267844 
2 206 1391 82.841038 -41.483942 
2 794 1065 -55.473529 27.331357 
2 471 910 -83.765538 -69.088019 
1 1277 -75.141305 
1 90 -80.930144 
2 550 1081 43.515543 41.161474 
2 326 1269 69.893093 -81.696420 
0 
3 561 688 1407 -1.112144 89.975363 43.752452 
0 
1 959 -9.593772 
3 416 765 1494 6.736666 -5.548309 23.056460 
2 495 1220 -59.749015 -96.447428 
1 961 -4.169624 
0 
3 49 179 685 -50.224269 82.456981 -53.451979 
0 
0 
1 663 -18.874617 
2 40 448 52.989601 -3.571321 
0 
4 682 735 1339 1487 97.986561 -70.602709 -67.440807 -84.329315 
3 715 1234 1323 48.647938 88.582883 -71.138322 
2 132 1007 68.493969 -55.919365 
4 220 705 1347 1465 69.914742 -37.022055 -36.672693 -46.071176 
1 701 24.342661 
1 330 -18.293302 
4 584 885 1020 1431 37.188744 -38.914071 -39.755570 79.539445 
1 136 -35.304450 
0 
3 74 638 855 26.392670 -33.656314 -2.034566 
1 944 42.158406 
1 1138 39.992357 
0 
2 724 1330 63.270473 85.550028 
1 1182 74.498912 
1 1275 -36.002007 
3 69 468 1015 6.554032 96.541696 -30.217457 
1 98 -24.159051 
1 754 -91.749062 
0 
0 
1 1050 6.476364 
4 143 271 594 678 69.655993 1.529142 47.039333 91.343105 
3 153 613 1295 -60.338757 76.113650 -48.732149 
3 90 289 521 -95.119442 -23.220628 -45.421256 
0 
1 585 -56.363651 
1 137 -68.685475 
2 993 1258 13.802493 25.804798 
1 22 69.976227 
1 570 37.954237 
2 100 859 8.791687 35.660316 
4 118 541 622 959 24.420696 74.657317 -67.402432 -75.375343 
0 
1 15 72.865293 
2 158 536 -8.705459 26.614009 
1 1457 -60.043094 
2 177 253 20.000556 59.117469 
0 
3 64 479 935 -12.567356 42.705538 96.034032 
2 323 1176 -69.954413 -17.123230 
1 1251 -64.507362 
3 171 781 849 76.581903 32.328857 -99.169977 
0 
1 339 77.580050 
1 1084 -80.513806 
0 
2 700 870 -85.530301 18.636891 
3 142 225 1185 -56.602667 63.294271 -47.287211 
1 918 82.479587 
4 270 271 457 1304 -40.434599 95.975731 -47.424792 -25.344446 
4 715 1122 1233 1249 -17.255692 -41.047475 -99.431652 -8.536114 
1 473 -97.038378 
3 454 1046 1310 9.856527 87.464514 64.266603 
1 359 14.390838 
2 178 550 -67.600710 28.322769 
0 
2 102 1475 -74.384774 -25.295358 
4 341 414 839 1224 -66.555561 -25.088940 -6.065265 -70.288348 
1 610 -98.569104 
1 1447 20.161021 
3 343 587 847 -78.549300 9.145437 -77.002123 
3 81 571 879 1.128713 -41.562890 -37.916137 
0 
1 1499 -20.258447 
3 101 1262 1453 74.687936 -57.440149 -83.715042 
1 318 59.241071 
2 6 777 -84.690515 -29.369661 
3 110 412 905 -18.166693 -42.763146 80.707427 
0 
0 
2 295 1452 -59.842202 -41.013569 
0 
2 587 636 96.997435 -63.979350 
0 
1 1419 -91.365099 
1 507 67.765713 
3 48 801 1042 76.973238 -45.668483 -35.244736 
3 1072 1211 1263 96.488544 -7.527634 82.107717 
3 618 699 1116 20.469834 67.802250 32.612315 
2 975 1432 -66.785513 -36.897062 
1 1098 -29.765783 
0 
0 
4 280 382 691 1443 60.843394 -29.741278 46.706240 -83.953747 
1 102 92.310763 
2 290 361 -17.754786 47.111985 
1 513 31.745203 
0 
2 1083 1119 -29.011907 84.289326 
0 
0 
3 23 1060 1374 21.209504 -28.353143 -33.704415 
1 1042 80.102532 
0 
2 210 1206 -31.008656 67.794841 
0 
3 582 664 1324 -12.345352 -21.355112 46.541610 
1 1332 43.544432 
3 201 690 1031 71.405722 27.784166 -57.412177 
0 
0 
0 
1 1227 15.216704 
1 589 -27.297607 
0 
2 212 637 -89.486710 79.309170 
2 875 1242 -62.580450 -54.622346 
2 235 1427 8.358698 15.724700 
3 294 525 1014 -98.887686 -15.190725 -71.750480 
1 138 95.573195 
1 331 1.391184 
2 563 1474 -93.605071 -30.355667 
0 
0 
0 
0 
3 104 559 1495 13.160248 -32.359602 22.586819 
1 649 -65.810402 
1 57 6.695546 
0 
3 275 311 634 75.639138 -50.609415 -65.592623 
3 936 1016 1293 -13.953415 69.096079 -53.723316 
4 48 66 513 724 62.432309 15.934023 89.980877 -7.387336 
2 63 70 38.407483 -10.505788 
2 956 1305 9.729829 40.076675 
1 453 31.463389 
0 
1 329 -42.977862 
2 28 859 3.928125 -60.438447 
1 1026 72.047923 
4 96 449 1354 1472 -7.037694 -67.829574 -10.563782 -77.917206 
2 824 1302 -60.641650 -18.437387 
0 
0 
2 20 1016 -26.450714 -36.600920 
0 
1 1119 -36.814268 
1 1450 -69.150236 
2 379 1196 50.168604 -66.520941 
3 26 457 1494 -13.773608 0.455035 -74.775484 
0 
2 763 1130 -31.800188 -64.818962 
2 854 1194 -26.504210 5.705386 
0 
1 945 8.626952 
1 972 -9.476903 
3 301 611 686 54.836929 66.818976 -67.929317 
0 
0 
4 162 363 549 657 -32.892983 76.995599 -77.134341 66.730277 
2 736 1325 28.815111 -67.459918 
2 733 1278 24.056576 62.479345 
1 198 51.023713 
2 491 1450 -34.925847 -10.205448 
3 53 927 1069 -11.557716 64.687081 81.220271 
1 805 81.763371 
0 
0 
0 
2 834 1110 19.591845 -54.796416 
1 271 -41.591164 
1 511 35.832515 
1 669 12.355191 
1 441 77.975127 
2 893 1011 -72.150817 57.337088 
2 274 735 -48.335948 46.688099 
1 709 30.963753 
1 311 -35.685802 
1 1329 -56.452344 
0 
2 265 1426 96.775469 41.788865 
0 
3 254 371 395 -23.376690 -73.451887 -88.158144 
0 
0 
1 203 99.031610 
1 603 -26.745429 
2 562 1459 14.347543 96.465515 
2 453 545 66.803739 -78.897522 
1 866 14.761132 
3 811 953 1124 -27.632849 78.331495 -22.683276 
0 
1 68 79.595416 
3 7 954 1196 53.776104 -97.931905 86.737581 
3 343 918 1057 67.641124 -15.935983 -65.312872 
3 450 501 1273 -46.092488 68.167660 49.551386 
3 222 567 1096 -88.149948 82.700471 -92.913441 
1 346 93.529607 
1 632 -52.918380 
3 177 345 1465 64.444019 -90.821149 26.523934 
3 333 1145 1431 55.777412 77.846930 10.802167 
2 51 375 -44.366800 96.645678 
2 1008 1204 63.251312 -44.512850 
2 1042 1153 -63.105752 -44.338216 
1 656 96.515967 
2 113 703 -31.571174 -74.247423 
2 657 837 32.555586 -70.847999 
2 608 1311 21.029491 -9.875885 
1 529 -17.883822 
2 900 1415 51.977756 10.986218 
2 99 831 -69.706125 -94.900710 
0 
1 533 -49.404564 
4 138 1138 1401 1484 -84.619255 37.472693 28.517231 9.962056 
3 286 491 1034 97.828161 33.884309 88.274012 
1 296 -34.477111 
2 963 1383 -9.788025 49.595540 
1 972 28.367059 
4 78 562 836 1120 -79.886019 36.478949 86.340040 21.302714 
1 769 -18.697016 
5 174 186 970 994 1002 57.111397 79.295144 59.915239 54.114280 30.365127 
3 606 787 938 98.633130 -59.182119 97.515128 
1 587 52.779987 
3 33 618 1423 98.061301 44.780726 51.435089 
2 814 1472 -45.700085 -78.322903 
3 20 138 421 -37.156797 -75.166286 -62.265553 
3 110 424 1254 56.229508 93.815279 72.762110 
1 1019 -12.156948 
1 1429 -25.732484 
3 65 354 973 76.453618 -90.934668 -25.809081 
2 414 818 25.396583 99.017555 
1 101 78.098529 
1 653 -58.334242 
2 1161 1165 -13.179270 -69.269939 
0 
0 
3 52 336 1172 96.124965 -72.568672 -81.780375 
1 1150 -64.813481 
0 
3 503 855 1384 37.963249 -86.752487 -47.534247 
1 554 -71.941068 
1 517 -54.666237 
0 
0 
3 485 787 1365 11.841018 11.558059 6.975470 
0 
3 160 847 1185 8.153723 -64.431322 -7.498136 
2 538 768 -10.267013 97.853666 
1 938 -96.002362 
0 
1 894 67.436475 
4 360 1067 1101 1280 -53.036956 -44.642989 -45.699723 -58.936709 
0 
0 
3 42 91 791 7.774844 -88.964228 -98.250609 
2 811 1293 33.708426 35.398182 
1 340 -79.090933 
0 
1 583 -87.092853 
0 
0 
4 626 697 969 1127 -28.148464 -35.034203 49.936484 -13.024599 
0 
1 1057 36.730930 
3 271 950 1491 -49.351089 82.453304 38.014559 
1 110 -47.730794 
1 297 89.181124 
0 
4 194 288 324 1196 0.009092 -31.033905 -11.507305 14.266204 
0 
1 700 -14.932490 
2 457 1484 30.078794 5.134631 
1 64 -63.755897 
1 415 -83.110538 
2 46 875 52.647142 -22.132065 
2 930 1045 -22.802854 77.535445 
1 438 73.807917 
1 992 -34.377458 
2 291 960 36.422739 28.633501 
2 704 1177 -97.462630 -59.004669 
0 
3 75 1188 1352 -51.692303 -9.316216 77.835421 
3 645 1134 1145 71.225190 28.738428 36.034438 
1 803 15.535954 
1 1361 -94.660176 
2 480 1231 -73.167109 9.942165 
1 1362 7.165439 
1 416 -83.528597 
1 156 -93.388517 
1 1119 85.142579 
3 353 467 1075 72.703665 43.381551 -47.640679 
1 1355 46.721017 
1 737 -48.426086 
0 
3 24 102 686 -22.317275 -88.640941 55.519081 
4 37 336 350 907 -51.239759 65.336742 88.499342 38.436792 
2 443 964 21.357314 98.580246 
3 463 783 809 8.178203 -79.523020 -12.154668 
1 833 80.342100 
2 638 749 -31.876443 98.974541 
1 1155 17.102972 
1 1161 -5.879654 
0 
0 
3 145 561 1464 -0.098517 32.372354 11.116345 
1 117 -63.822799 
0 
1 1330 37.396220 
2 1030 1170 -11.562544 -77.981600 
0 
2 728 860 -29.089635 -68.296752 
1 98 -29.862414 
2 817 872 -33.381399 -20.614676 
0 
3 68 179 706 -42.758036 -88.019106 55.409622 
2 195 955 -13.057420 91.028344 
0 
2 503 794 -35.777814 75.139203 
2 193 1454 -27.743589 3.959307 
1 659 86.659474 
1 1362 -28.282824 
2 1289 1484 -22.478153 -90.095158 
3 137 511 1342 91.973079 99.422465 50.374801 
1 766 -33.076794 
1 499 8.423778 
0 
1 577 25.529588 
1 1062 -80.240624 
0 
0 
0 
2 169 243 -79.603644 87.335772 
2 558 782 69.248087 98.389306 
4 340 608 1299 1449 -58.033157 48.949923 65.698650 -67.848732 
1 785 37.238676 
3 122 201 848 11.988589 50.684727 -54.146457 
0 
2 620 782 60.589028 45.087053 
1 963 45.133882 
2 790 1116 -71.069402 62.808146 
1 656 -6.286604 
0 
2 500 521 34.919221 65.864197 
1 891 90.829696 
1 763 14.647934 
2 581 592 -0.424371 38.469755 
2 626 809 19.837324 -84.720945 
1 1322 28.963912 
2 1039 1080 -18.126284 56.899597 
3 291 435 1105 7.506022 -86.728278 -54.745924 
2 229 1349 78.603787 -57.141668 
2 14 172 -22.031162 -38.575441 
2 187 1236 39.113718 -89.526928 
3 88 1329 1364 -62.185913 -72.018655 -24.442586 
2 855 1161 -56.778332 -0.682483 
3 187 398 865 63.798477 -25.339915 -41.584379 
0 
1 928 -42.453136 
0 
1 214 -12.060550 
3 165 570 1425 86.070229 70.057683 17.609361 
1 638 -86.509315 
2 15 788 81.570109 99.322604 
1 689 72.324804 
1 539 -15.069970 
2 289 764 -72.302285 84.346579 
1 391 -28.882412 
0 
5 341 1022 1087 1214 1420 -0.891204 42.129400 -65.126760 -73.064184 -80.055752 
5 110 457 1053 1122 1152 -98.523815 -92.577819 -31.514570 -84.592380 -89.956139 
1 420 85.575363 
1 928 -56.974665 
2 4 1345 22.731651 -82.876444 
3 667 671 898 88.810058 -12.850862 -46.909771 
1 1271 -76.617380 
2 424 543 54.986060 -28.151921 
1 933 -41.301407 
3 437 825 1098 36.514405 91.146297 19.224058 
4 316 329 915 1458 -42.043671 -1.061080 -11.312217 -33.749917 
3 109 206 1458 2.884815 90.717661 72.430577 
3 46 447 905 -13.267752 -10.818807 -64.705078 
1 90 -23.077988 
0 
1 1046 -2.844260 
1 749 49.892766 
0 
5 254 281 347 694 791 26.778993 98.600631 92.652349 78.895571 -62.568763 
3 211 924 1186 43.471884 -95.862116 -23.075795 
1 1308 -26.278700 
0 
1 1131 83.888514 
2 72 389 64.638354 -47.596433 
0 
0 
0 
0 
0 
1 509 -82.719109 
1 1363 -86.470996 
2 723 925 -56.095103 42.387449 
0 
2 39 156 -50.420746 19.688772 
1 608 29.187242 
5 574 646 758 1045 1173 -40.453142 -35.180077 -16.719820 95.497173 19.695233 
0 
3 928 1428 1457 -70.970991 -20.633300 62.779630 
2 312 879 38.042223 -50.376610 
2 95 1120 -75.756593 72.524037 
2 249 1170 -15.280482 -30.331363 
2 223 1292 -86.248182 46.565773 
3 359 1225 1384 70.665652 -44.339561 -79.123221 
2 339 1252 -93.352513 -34.571953 
1 483 10.106700 
3 297 797 1271 59.427669 -87.479114 15.115954 
1 1041 39.556281 
0 
0 
0 
0 
0 
1 429 69.768850 
4 130 465 473 1141 -58.761683 44.191233 -18.666699 43.566995 
1 1124 12.325768 
4 501 560 600 778 -29.413299 -48.084096 -97.038082 21.279323 
5 563 603 827 931 932 39.572419 -83.730118 -12.596508 -88.977360 -74.601957 
3 571 715 1256 64.947821 13.111963 -76.530331 
2 409 456 49.754980 78.399913 
2 65 148 94.498368 -77.171655 
0 
0 
0 
1 107 68.572671 
1 1435 -21.194673 
2 148 730 90.745504 -7.343379 
3 51 80 171 32.404167 -46.678843 98.710765 
1 1177 -25.436059 
1 1370 -35.456067 
1 857 70.938748 
1 504 -95.912455 
2 157 330 67.885294 48.275888 
1 905 -17.565167 
2 251 1232 -46.187661 47.811205 
1 147 -37.695479 
0 
3 900 1087 1339 14.178046 -88.081688 -14.935176 
1 916 41.475666 
1 1477 37.952213 
4 569 1233 1241 1371 -72.650730 -94.755496 31.254744 88.989128 
0 
2 1000 1153 42.121134 84.971969 
2 692 937 79.208876 -53.740177 
1 1258 94.390167 
3 11 86 716 66.507277 -75.410555 -45.616670 
2 576 1402 -72.125908 17.885340 
6 45 51 145 499 1013 1469 70.367122 96.394180 24.800692 -39.440504 96.854325 -75.326368 
0 
2 535 1072 -46.591334 -19.293110 
1 1163 -51.325659 
2 752 788 -40.863526 -1.667495 
1 953 -73.192231 
5 261 325 331 1005 1040 -54.247541 61.574553 -91.008154 44.403237 -15.756612 
0 
0 
1 524 32.812384 
1 387 -37.063631 
3 497 1181 1209 -1.468396 -59.219700 -23.815065 
0 
0 
1 988 83.022451 
0 
1 1044 -68.869843 
3 673 816 1169 -34.705411 90.923257 -2.504364 
1 804 -17.821130 
0 
6 130 277 641 815 1322 1359 -62.923102 -91.965367 20.054698 21.160784 7.024045 73.294338 
1 323 64.033792 
3 437 1028 1056 -58.310809 22.743032 -93.100400 
4 671 1345 1402 1461 -54.258264 76.482904 70.497321 -59.109456 
3 427 455 1498 35.259826 87.687864 -23.347352 
1 38 4.095806 
3 268 1379 1417 42.386379 95.674546 31.919274 
1 1478 84.104554 
0 
2 573 1484 -99.577997 -9.719172 
2 360 1005 68.760933 64.757093 
1 969 -33.638194 
0 
4 124 673 836 1055 -69.907538 -55.594936 39.535713 -68.889907 
0 
1 886 -43.088290 
2 111 825 17.951474 61.397031 
1 1064 -35.184678 
3 256 305 1053 -53.070397 24.435788 -53.848219 
2 953 960 -49.464425 -49.893444 
3 367 1207 1465 -49.494467 82.554078 45.949321 
0 
4 79 386 635 1219 -16.188374 51.030123 -85.121947 93.988266 
1 1061 37.872914 
3 160 179 1284 -91.944194 -34.230058 17.497208 
3 656 924 1133 24.921724 -19.038372 87.103875 
2 152 981 -73.199645 -1.905772 
0 
3 974 1091 1425 -96.244086 9.543978 -95.630970 
1 224 -55.261707 
0 
2 1381 1451 32.820701 9.755350 
3 86 195 879 38.650192 -38.333642 -43.247292 
4 7 907 1070 1110 35.434664 -86.472052 -31.453299 -10.560348 
0 
0 
4 93 724 1326 1398 18.222795 -78.136367 21.737464 81.892593 
1 1220 81.270407 
2 1229 1309 -90.842059 35.877949 
1 267 -3.795255 
1 997 -7.343999 
2 446 511 40.473357 58.010660 
2 218 1336 -47.344881 33.114692 
2 268 1147 -56.772365 -18.231451 
2 599 1415 -95.486615 -57.193580 
2 546 1079 -43.784402 -78.049793 
0 
0 
5 60 550 998 1291 1352 -32.517734 -66.778235 77.141020 74.921741 83.683584 
5 146 744 866 1366 1482 -35.665598 -76.550547 34.381773 -47.352895 -73.772326 
5 167 351 425 657 777 4.204194 -83.271484 -52.876272 -16.447036 71.575011 
0 
0 
2 702 1150 -60.653004 -39.364218 
2 381 456 42.771191 -57.150413 
1 978 26.316496 
0 
0 
2 862 999 27.563877 62.205287 
2 442 730 47.352467 -63.044103 
1 208 29.967713 
2 731 1237 -12.233689 -40.749859 
0 
0 
2 650 1043 73.396683 71.265351 
2 311 1117 7.957923 67.335137 
1 813 14.814656 
1 1238 -81.528166 
0 
1 688 -81.305217 
0 
2 188 846 56.578650 -87.914978 
4 403 720 797 1046 -83.138497 52.942119 -20.988382 -83.292178 
1 1013 -95.907502 
3 157 217 1166 -56.346647 0.050828 -96.374536 
6 340 576 761 889 1080 1120 96.214210 67.444907 -16.812783 -43.562769 -55.601219 -39.067788 
1 169 71.964350 
0 
3 165 395 1103 20.860013 -5.965485 -62.236585 
3 305 1207 1388 49.094218 10.619255 -86.626080 
1 185 -94.378375 
1 935 25.017287 
3 595 799 1005 -45.096837 -7.863742 -99.272035 
0 
1 80 5.884959 
3 384 669 713 13.126126 72.307718 82.377598 
1 39 29.712649 
2 59 345 13.691005 99.652594 
2 363 378 38.799706 -39.671100 
5 220 314 1060 1410 1470 54.722258 18.027637 62.265763 56.749475 61.627436 
0 
1 1334 6.785182 
3 514 617 626 94.891373 -12.705213 20.490894 
0 
0 
1 770 -62.938226 
4 1123 1202 1315 1363 54.585979 94.159251 1.030070 -75.712546 
1 862 -65.832385 
4 809 1253 1298 1448 -0.777568 58.968084 -65.386610 -90.225542 
2 632 903 -7.621880 63.446013 
2 175 235 -4.211684 -10.860408 
1 1486 -7.341694 
4 412 567 1060 1070 -54.794648 71.108024 6.321622 46.489011 
1 1060 -83.890994 
3 228 660 1145 71.905466 73.346505 -65.347047 
1 1215 45.236538 
1 345 31.380145 
1 1262 98.444062 
3 98 286 966 44.314784 98.674592 -16.393796 
0 
2 99 442 -39.977070 -39.081986 
1 699 54.974955 
1 689 -60.070915 
1 17 -27.161130 
1 268 59.908088 
1 286 -64.005903 
1 693 51.311515 
4 37 835 940 1485 2.435288 2.201504 -83.203727 -37.867025 
3 50 1168 1387 -62.004711 99.058578 17.098618 
2 808 1424 -22.218007 91.410704 
2 983 1047 73.094667 8.151367 
3 455 502 1293 -72.811368 -4.136704 2.469393 
2 691 1068 -88.119378 -97.580983 
1 1481 76.356197 
2 122 937 8.048228 -32.370678 
0 
1 1489 2.696257 
0 
0 
1 15 -26.682683 
1 1347 7.599505 
1 635 -29.008150 
2 278 839 -89.632646 -3.477657 
0 
3 454 748 1127 98.587353 60.521254 73.838257 
2 116 1391 -8.973667 -9.429762 
2 619 1387 70.605697 65.279311 
2 999 1118 -81.349332 -1.327962 
2 321 1361 -50.631353 79.913760 
2 1008 1093 48.174363 -89.356269 
1 171 -75.237886 
0 
2 1191 1499 87.191442 81.846314 
5 509 547 992 1006 1208 -26.147283 81.981446 88.087184 -57.297108 -57.436250 
1 203 -50.712342 
3 26 61 754 -63.246770 21.842496 -13.282131 
0 
2 1155 1270 -8.063792 -35.397943 
0 
0 
1 1267 86.221794 
2 388 1474 -89.479017 -21.555046 
1 1171 87.230047 
1 899 36.107707 
1 1406 42.351325 
6 472 930 941 1014 1248 1296 37.500565 -72.469316 -3.466618 60.064626 -5.414658 -38.028160 
1 971 -0.855541 
3 1267 1324 1428 -25.450730 -2.936253 40.483366 
1 1297 88.024270 
0 
0 
1 1341 92.570882 
1 1146 -91.594860 
1 540 -6.901252 
0 
2 280 563 51.132359 7.931024 
3 225 277 772 89.912938 63.095945 11.473827 
1 904 -85.154779 
3 353 417 1479 84.952544 -23.648660 -14.685606 
2 901 1001 -72.159019 -58.390364 
3 99 854 917 2.226672 77.651350 83.319840 
3 833 1125 1210 5.395650 37.865967 95.326106 
1 1251 55.161068 
4 110 676 1170 1287 -82.810194 -23.388317 17.319318 -67.331961 
0 
0 
4 164 181 594 1224 81.917494 -28.379130 42.835291 50.971765 
1 223 -94.633204 
0 
0 
0 
3 121 414 1479 -83.406781 38.055873 -41.390132 
1 755 63.808895 
2 192 1494 60.182668 -30.068065 
3 485 1448 1488 -52.491315 67.521625 90.725504 
2 75 155 96.278386 -49.826439 
3 80 556 719 91.678071 3.291885 19.991241 
1 704 70.839294 
4 96 135 308 341 44.469884 -76.974211 -57.001091 -14.856759 
1 1175 -24.795562 
3 27 902 1485 -15.044368 -22.028022 2.842743 
1 128 4.169348 
2 361 670 4.190620 -84.231588 
0 
2 566 928 37.179605 -79.534003 
1 164 74.642005 
1 628 -79.824500 
2 5 536 19.915397 19.506667 
4 197 440 1121 1481 63.496897 19.163771 -51.503828 53.062449 
1 1329 -31.954425 
0 
0 
1 462 -48.202632 
1 936 10.609821 
0 
2 412 1208 -84.821955 65.072155 
2 479 1231 13.105179 12.903983 
3 978 981 1257 -13.030069 37.767375 -85.063096 
0 
1 99 54.183293 
2 229 479 -97.225660 -6.420640 
3 255 934 1356 15.763397 -42.058604 93.247342 
3 14 666 716 -25.650882 -85.809372 61.660587 
0 
0 
3 345 922 1116 -30.335686 60.012148 -15.435882 
2 1237 1435 -66.092874 -48.961446 
2 1016 1426 -36.453486 -29.843585 
0 
1 407 -10.867577 
1 1119 44.959316 
0 
3 158 194 1037 6.414612 -55.410644 44.248561 
2 943 1285 -83.663921 92.881421 
2 154 738 59.899596 2.820271 
2 1136 1424 31.759080 -94.937110 
1 546 34.780861 
5 90 120 740 779 1298 -56.968994 -40.309959 80.636318 -45.686175 52.677368 
0 
0 
2 8 340 -45.738397 1.824883 
0 
3 989 1143 1184 37.373810 -72.890044 -13.252384 
0 
2 387 429 -77.361997 -88.149441 
0 
1 1026 7.642066 
0 
2 1056 1312 -36.739423 73.263050 
1 415 -37.772681 
0 
1 657 -76.323673 
2 370 374 2.231329 -34.998032 
1 944 -50.902484 
0 
1 29 -63.472928 
2 28 135 21.007504 13.125077 
3 460 487 756 56.792208 9.618175 7.416147 
2 301 944 -14.802755 -25.993559 
0 
1 38 -99.678149 
1 920 26.261312 
2 24 432 28.942485 38.364981 
2 305 1180 -95.444505 -38.304138 
3 585 1143 1164 -81.118506 49.131323 -43.914913 
1 1064 -36.905326 
2 73 468 95.770545 -7.309938 
1 1350 6.648498 
0 
1 467 1.401931 
1 611 -31.752261 
2 383 613 -18.039396 -82.736772 
3 437 657 973 38.270266 85.951751 -45.160059 
1 55 -63.827479 
2 49 155 -43.482963 -11.044704 
1 990 -93.321286 
2 609 899 70.715375 -19.339097 
1 467 -91.093113 
1 1457 -3.544308 
0 
1 419 31.562064 
2 859 1035 -53.718509 -59.378355 
0 
2 945 1373 -78.923985 94.428023 
2 350 751 79.204098 55.894586 
1 694 -78.537327 
1 781 30.926922 
1 951 -43.823286 
0 
3 332 707 1341 -27.960139 13.763376 73.552223 
1 732 -94.975693 
3 517 773 1302 -29.609147 -82.978342 -75.110578 
3 581 609 1134 -8.000125 -94.527941 24.245855 
3 166 357 567 -23.373875 40.761504 11.845940 
2 810 1008 64.237471 24.942143 
1 739 -76.488385 
2 1245 1383 13.174315 10.999278 
0 
1 32 2.638435 
2 394 1229 -59.636802 32.743746 
2 844 1248 -68.178746 -86.247124 
2 39 179 61.749464 -82.540915 
2 85 1052 -47.335065 -33.057623 
2 16 1337 -61.266832 -52.225291 
2 261 262 -88.682703 -99.098006 
0 
2 751 826 38.210081 54.824683 
1 1353 97.191289 
1 1019 77.882145 
0 
2 191 1145 83.266731 -51.319283 
3 596 1401 1411 -98.361798 -99.744041 39.114165 
5 128 636 845 1296 1373 72.111364 46.740884 -58.372043 33.637881 53.065958 
0 
0 
1 1409 19.618615 
4 212 213 520 1323 -31.048216 72.746858 35.182216 37.397896 
1 960 31.062703 
1 32 68.808820 
1 1375 43.022128 
4 53 1013 1086 1402 23.741455 -99.993591 -79.916775 16.731504 
2 355 846 -35.445376 36.792545 
0 
4 639 793 1195 1197 58.426463 41.381529 -4.028057 -95.647616 
1 1174 -88.487322 
3 524 601 1121 6.066043 25.925561 60.438905 
3 56 495 969 -0.333537 -77.406560 -18.710873 
2 386 876 73.865251 25.659552 
1 996 24.908313 
0 
2 1084 1467 93.656489 -27.113840 
1 1283 -32.892934 
0 
0 
2 451 813 64.599348 -16.610012 
3 338 827 919 -22.078152 -40.702058 67.345247 
0 
3 673 741 1399 -1.730730 0.499792 -38.851819 
0 
1 760 98.623785 
1 59 -50.230771 
2 1056 1419 80.610362 98.702669 
0 
2 430 1235 -71.207936 97.720259 
1 202 -70.401980 
3 227 845 1208 -45.373531 -71.168617 -65.458121 
0 
3 269 889 1211 31.973936 58.070284 -82.825209 
0 
1 107 66.877673 
1 394 33.308830 
1 195 -97.365727 
4 163 1157 1428 1493 -77.427575 9.906688 82.286418 -48.702812 
3 126 700 1379 38.066626 90.749103 -87.752728 
1 429 -0.829262 
2 131 244 74.599490 32.681123 
2 72 572 49.159340 8.744441 
1 435 13.762144 
1 1133 67.418008 
1 360 96.182770 
2 437 890 51.090688 82.895929 
3 139 1024 1186 -86.935623 -23.708815 -56.150289 
3 824 1070 1403 -50.914878 -0.540429 -24.368530 
2 413 553 37.598206 -61.763333 
4 84 642 859 1342 -7.639311 -25.146034 -58.520000 48.085534 
2 110 1082 39.578153 27.595450 
1 197 -6.665041 
1 533 -95.561851 
1 859 75.834385 
0 
1 987 63.596019 
3 277 661 1386 87.102987 -41.854867 -1.319376 
3 76 914 1120 -60.057873 30.134754 71.550189 
2 264 396 41.615408 -6.640841 
1 841 -42.481752 
1 748 52.662639 
2 664 809 -89.451189 46.708028 
0 
0 
1 745 -75.799480 
1 1494 87.115349 
1 401 -11.909982 
1 328 55.835385 
5 250 317 736 765 1317 78.580070 -10.464224 -4.851007 64.190500 97.852820 
4 186 404 463 1202 1.229131 -43.035592 19.105949 32.759473 
2 47 1169 32.128558 -21.224219 
1 545 46.217548 
1 480 -37.485526 
0 
4 334 761 909 1282 -73.956751 58.220036 63.222943 69.511614 
2 369 859 -76.223253 53.065070 
5 654 779 819 1003 1230 -54.765366 80.825650 55.425040 -12.009369 77.202587 
1 1064 50.270104 
6 218 394 697 782 1090 1208 -41.965033 -95.214097 78.045848 -2.845607 50.331005 -71.939853 
3 230 480 1169 33.071518 -75.355515 6.314486 
2 79 1056 31.272232 35.006853 
1 816 39.953076 
0 
0 
3 723 889 993 -12.008960 -68.866918 -72.998368 
1 660 -38.425083 
2 531 755 30.208482 6.589555 
0 
0 
2 465 855 -78.592494 64.352860 
1 812 -9.591492 
1 102 -34.753311 
1 75 -95.363810 
1 743 -41.936578 
0 
1 572 -36.605330 
3 637 744 898 39.418343 -66.967246 36.862910 
0 
2 602 969 76.791212 65.956018 
1 191 -39.482450 
0 
6 407 497 802 1123 1133 1435 93.203386 8.692613 41.389659 -58.857416 -16.801464 33.540900 
3 499 1088 1159 50.400283 93.490493 92.731327 
0 
0 
2 860 861 -55.711722 83.587938 
3 189 506 976 92.537272 -75.335338 39.078717 
1 95 51.656719 
0 
1 1344 16.681026 
1 1420 -43.735154 
3 224 590 1164 23.629229 23.174341 5.251364 
2 104 251 97.687455 20.664014 
2 481 611 55.539922 -48.362091 
0 
3 8 813 1423 -14.910531 -20.482003 6.516317 
1 833 26.634669 
1 1094 -21.716428 
1 1169 41.435480 
1 1496 19.851498 
2 1379 1391 -43.026524 -0.029580 
1 778 99.089459 
0 
2 270 1116 24.526638 23.223769 
1 876 14.194510 
3 355 428 1100 95.238015 82.877041 -94.368853 
0 
3 92 168 1495 31.462178 -59.917010 -37.494155 
1 243 -73.411658 
1 487 74.995518 
1 479 82.124714 
3 300 834 923 50.912298 -89.606433 31.108212 
0 
1 1009 -93.430333 
0 
3 420 732 1018 -51.916263 -44.853829 70.615406 
0 
1 965 93.909977 
1 1016 62.229235 
0 
2 788 1249 -89.925259 -13.339475 
0 
1 15 -43.473832 
5 279 790 929 1145 1208 54.300702 66.392185 91.338818 -55.851697 30.925211 
1 919 -10.297738 
1 706 -82.517283 
5 875 934 1311 1336 1419 -93.120993 -36.628725 76.627519 -93.441788 61.087687 
0 
1 330 75.585283 
2 497 1360 30.186322 -15.063206 
1 500 -29.940446 
2 1037 1068 -47.771942 80.335067 
0 
3 390 602 1056 85.327230 10.853807 72.424366 
2 177 587 -97.496247 -95.733453 
1 103 -71.109571 
3 1017 1090 1305 12.723810 -88.167997 40.917505 
1 1035 22.124227 
3 137 548 1328 -95.610911 -96.597515 -72.220460 
1 608 -85.468507 
1 1363 80.915532 
1 975 -86.238998 
1 522 10.699038 
0 
1 677 34.054707 
1 1234 54.616237 
2 1231 1327 -74.482153 21.072579 
3 420 927 1456 32.011731 71.405646 -83.861153 
1 181 62.226867 
1 768 -71.155920 
1 1090 -94.391722 
0 
4 141 290 942 1326 -86.641880 -17.414203 20.581555 63.397338 
4 540 809 922 1223 17.133937 77.236708 -44.325255 -29.621702 
3 146 626 1185 -52.356012 -82.823947 76.973608 
3 472 620 1141 92.285588 -63.314258 -64.703253 
1 1026 -11.261611 
1 1042 98.509109 
4 125 688 898 1101 5.372832 -87.408384 -25.163077 -84.134189 
3 210 246 752 -74.076418 82.878999 -28.391481 
1 118 25.930393 
0 
1 1418 -82.932184 
0 
0 
0 
2 632 911 96.075572 -96.756785 
1 282 -13.442948 
0 
4 246 507 865 1388 84.624143 89.550246 -12.669715 96.254015 
0 
1 314 -47.490291 
2 330 1103 31.273270 -58.654595 
1 515 -67.993586 
2 818 1039 -23.199904 -73.685960 
2 328 1296 -67.368664 1.835666 
1 1431 -20.246049 
2 783 1117 30.745278 -32.435514 
2 155 307 22.608722 86.847246 
3 223 479 1260 -20.492063 -43.596255 -15.246290 
1 1017 -34.121897 
1 1308 49.926323 
3 583 789 1035 -87.025006 7.192654 18.554198 
1 1304 -11.512998 
2 138 198 -87.210332 -12.441498 
3 38 265 704 19.147951 10.298883 47.032305 
3 329 685 1055 -21.420143 -24.241191 -34.101481 
3 425 946 1319 -34.113419 -28.708632 58.768688 
2 457 584 93.485991 51.636689 
1 33 76.288943 
2 956 1421 46.392841 45.474684 
1 997 12.960599 
1 1012 -40.452024 
0 
3 184 548 1321 -63.907653 42.182220 -57.500791 
0 
5 145 389 579 1067 1250 -36.749529 29.021583 1.876629 -68.601057 -3.526387 
0 
0 
0 
0 
3 293 483 1403 61.788368 7.643322 77.826978 
2 826 1256 43.642138 99.323633 
1 1342 -57.206909 
2 50 478 -96.278336 -81.071967 
0 
3 742 1128 1219 -40.950696 95.538988 62.672529 
1 843 19.267803 
0 
0 
3 16 1094 1441 94.645310 69.757778 43.400029 
1 1124 10.965371 
4 55 183 208 903 -42.639347 37.958761 -55.584569 81.374503 
1 739 11.730148 
1 737 -59.176251 
2 1309 1417 -36.568474 -96.048269 
0 
1 74 53.219956 
0 
1 1181 -26.142359 
0 
3 97 271 845 -25.469355 -57.857604 32.925711 
0 
1 124 -42.275719 
1 149 44.563682 
0 
0 
2 107 762 -28.335030 -30.630475 
2 345 1382 -84.747433 -18.833988 
1 736 -14.961056 
1 664 -76.913007 
1 1404 -60.662547 
2 1079 1427 -20.016668 99.469343 
2 1143 1273 -5.141782 -21.408520 
0 
0 
1 149 36.589001 
1 981 -22.431472 
0 
1 981 -40.880948 
1 751 -56.174595 
1 529 -21.086730 
1 440 14.672959 
2 267 1389 26.856342 2.377556 
2 450 1144 -31.422151 83.742784 
1 279 21.164609 
0 
0 
1 705 50.044193 
0 
1 1048 10.884606 
1 1203 3.049792 
0 
0 
3 755 775 1063 83.772405 1.970384 -83.336813 
1 654 -16.430782 
0 
0 
0 
2 63 1069 -85.795439 10.378613 
1 1122 -70.747544 
0 
1 1366 -3.958158 
1 364 -26.281291 
0 
0 
2 812 1282 -4.965319 -7.897751 
3 33 501 856 92.405489 -42.457307 -3.121693 
2 364 1353 41.497442 55.889039 
0 
1 1257 74.065611 
2 481 697 90.864255 -31.720508 
0 
3 49 978 1430 -36.147153 -9.570478 -29.543578 
0 
0 
0 
2 488 691 81.116599 -65.202563 
0 
3 113 575 1169 94.780547 -7.831836 -76.107111 
0 
1 1149 6.512434 
4 879 908 1372 1399 95.585392 33.528920 -77.525544 -65.171641 
4 621 996 1419 1429 -9.239350 69.020097 -13.769446 -42.316080 
0 
2 644 753 -34.498692 -0.330544 
2 897 1241 -83.953625 -27.024950 
1 1209 81.611650 
4 834 1345 1366 1415 -7.536263 50.524081 64.777736 14.009628 
0 
0 
1 1477 18.694035 
2 858 1255 -70.784629 -11.980086 
1 85 59.860157 
2 1048 1199 -79.346272 63.168972 
1 137 91.293879 
3 287 1078 1471 -30.287384 56.260539 11.661963 
1 674 19.965399 
3 665 998 1327 -7.886034 -0.795681 -44.884023 
1 779 18.954235 
2 86 1060 -41.475688 -60.750920 
0 
3 433 680 1164 -31.573025 -25.864193 25.192264 
2 515 545 12.264912 -78.495710 
2 29 744 -71.178597 35.098329 
1 406 -29.308667 
2 787 1274 -36.098637 25.783631 
0 
2 1038 1294 85.481331 -21.711905 
1 441 -5.492951 
1 937 17.372377 
1 1306 -91.901959 
2 413 777 -4.873444 -65.897927 
1 1179 -86.243594 
1 1155 95.537002 
1 214 -35.720114 
0 
2 316 1089 -56.945160 -66.930016 
1 1392 33.838433 
0 
0 
1 885 -56.914105 
1 1321 60.361798 
2 904 1486 -84.863051 -52.507652 
2 479 1143 -47.917420 96.934086 
3 402 428 949 32.108601 -24.246294 4.639604 
4 739 971 1000 1127 -18.004384 99.274717 -61.655357 -13.102672 
1 346 5.211407 
1 1454 -65.404377 
2 1022 1182 87.621625 -1.522382 
2 663 1474 -59.446058 84.307570 
1 525 52.450342 
2 1198 1219 16.213319 -89.166190 
0 
2 238 1271 44.732134 62.758001 
1 757 -25.717981 
2 923 1056 5.846567 52.844393 
1 567 53.517394 
0 
1 55 65.314261 
1 261 98.930285 
4 104 1192 1244 1306 -95.888294 -80.916529 93.625423 -64.976025 
0 
1 933 32.293399 
0 
0 
0 
2 301 348 -17.471755 -68.897551 
2 717 1091 8.197431 -48.690174 
1 1339 79.402948 
2 1 1149 6.763606 3.105067 
1 37 -11.722300 
2 73 1261 -8.790069 51.840846 
0 
1 992 -13.776168 
1 1015 51.717049 
0 
1 679 -22.911017 
1 664 59.204159 
1 660 -11.481864 
0 
4 494 878 1297 1468 -44.278589 51.356251 -37.811023 45.154630 
1 1493 14.778946 
2 573 921 88.984395 9.280376 
1 370 -96.604680 
3 425 1030 1044 -93.367472 -49.277625 -38.908830 
3 179 188 1381 94.015151 95.227556 99.879240 
3 414 918 1041 -28.572034 -49.811003 12.523577 
2 940 1321 15.715081 51.996246 
2 388 1349 96.783960 -29.953280 
1 1495 -13.496727 
2 904 1393 -22.471484 11.032159 
2 259 1379 -15.798893 3.764245 
1 703 42.519561 
1 571 -46.525782 
1 1238 -33.064803 
0 
1 270 34.845424 
1 381 0.526834 
2 818 1467 -3.270648 33.740244 
1 1449 -84.462063 
0 
2 364 411 60.967607 60.027008 
1 906 -38.210159 
2 118 981 -4.456182 -25.709780 
2 950 1336 16.140466 -29.328972 
1 103 48.496604 
2 143 458 30.571852 -21.353482 
3 194 486 1319 -24.908222 -60.591998 -53.569516 
2 847 1014 67.515257 88.525475 
1 445 -86.465880 
0 
3 606 879 1198 -49.347790 16.749140 3.232569 
2 554 864 -30.951442 -26.918994 
2 298 1358 83.670763 76.766849 
2 717 798 -2.029901 18.686009 
2 273 558 92.048951 -27.775836 
1 1264 -67.446248 
2 1354 1471 -41.803623 -28.065121 
0 
0 
2 195 1302 94.626101 -1.116991 
2 106 580 79.392544 77.790291 
0 
0 
1 1489 73.651972 
1 1156 30.345847 
1 379 -73.146568 
2 385 947 -45.810296 17.783001 
3 328 906 937 54.042719 45.147392 13.954668 
1 717 23.654337 
1 1112 16.497822 
0 
1 1420 46.247725 
0 
0 
1 75 -79.848583 
0 
0 
1 1414 -51.822170 
0 
2 169 1062 -97.055608 91.495549 
2 280 293 -24.479347 21.185936 
1 653 -28.888567 
2 943 1085 -2.806396 10.199654 
3 238 540 744 -77.968885 -50.816922 69.700996 
1 480 10.919965 
0 
2 768 1089 -6.402910 22.044672 
2 893 1468 -87.792863 18.347110 
1 387 62.356925 
1 896 -92.240467 
3 953 1007 1334 18.077776 -49.161759 -63.290234 
0 
2 61 557 -26.430696 -17.800714 
2 12 689 58.348767 -85.765051 
0 
3 5 671 943 41.473773 35.613453 6.593185 
0 
2 480 521 97.447920 88.261255 
2 354 933 7.727888 83.759129 
1 754 17.257549 
1 1026 87.286214 
1 969 43.051967 
0 
2 260 969 -1.791790 57.445786 
0 
2 947 1331 70.683373 98.658359 
3 632 1174 1409 69.298754 -93.115750 93.705986 
0 
2 352 1054 24.487717 61.246790 
3 277 476 998 7.112967 -97.486379 69.923827 
0 
0 
0 
3 45 600 1057 43.577818 16.184712 88.543953 
1 541 -34.809581 
2 255 1413 45.956064 2.388376 
1 431 -83.507456 
1 851 -19.893044 
3 276 528 711 90.404922 -53.772982 20.092890 
0 
6 35 348 417 1236 1261 1331 -9.473092 28.327960 94.876334 -4.611468 52.623102 45.910956 
3 463 821 1244 58.522077 -42.058267 -46.367507 
1 717 -43.614833 
1 603 -23.750876 
3 372 403 1265 -18.171896 -3.185087 47.896925 
6 88 542 582 758 1062 1364 66.015603 61.292793 10.403962 97.420081 -40.666717 -90.105929 
3 477 1428 1450 -98.818610 78.412512 -49.118431 
0 
1 724 75.026608 
0 
0 
3 33 289 668 74.980378 48.060407 -64.674848 
1 999 98.199770 
2 1223 1265 76.779591 24.436206 
1 395 -74.212445 
1 606 24.869777 
3 229 253 476 -57.631862 -64.198261 26.376422 
1 18 -45.012248 
1 458 13.820222 
2 301 588 55.822696 95.235096 
1 217 25.922345 
